380 0.000001
384 0.000002
388 0.000003
392 0.000003
396 0.000002
400 0.000001
404 0.000003
408 0.000006
412 0.000009
416 0.000012
420 0.000020
424 0.000034
428 0.000060
432 0.000098
436 0.000146
440 0.000205
444 0.000271
448 0.000281
452 0.000240
456 0.000176
460 0.000119
464 0.000080
468 0.000055
472 0.000037
476 0.000029
480 0.000024
484 0.000021
488 0.000021
492 0.000020
496 0.000019
500 0.000022
504 0.000028
508 0.000033
512 0.000038
516 0.000044
520 0.000054
524 0.000060
528 0.000067
532 0.000068
536 0.000064
540 0.000059
544 0.000050
548 0.000045
552 0.000046
556 0.000048
560 0.000053
564 0.000059
568 0.000088
572 0.000197
576 0.000498
580 0.001033
584 0.001700
588 0.002184
592 0.002449
596 0.002551
600 0.002536
604 0.002444
608 0.002298
612 0.002126
616 0.001967
620 0.001802
624 0.001636
628 0.001507
632 0.001382
636 0.001255
640 0.001144
644 0.001035
648 0.000931
652 0.000829
656 0.000748
660 0.000655
664 0.000581
668 0.000528
672 0.000482
676 0.000431
680 0.000387
684 0.000349
688 0.000319
692 0.000283
696 0.000239
700 0.000208
704 0.000181
708 0.000166
712 0.000138
716 0.000123
720 0.000112
724 0.000101
728 0.000091
732 0.000076
736 0.000072
740 0.000057
744 0.000062
748 0.000061
752 0.000049
756 0.000040
760 0.000037
764 0.000044
768 0.000030
772 0.000039
776 0.000040
780 0.000033
