380 0.000003
384 0.000002
388 0.000000
392 0.000000
396 0.000000
400 0.000000
404 0.000000
408 0.000000
412 0.000000
416 0.000001
420 0.000003
424 0.000007
428 0.000012
432 0.000018
436 0.000028
440 0.000040
444 0.000051
448 0.000056
452 0.000050
456 0.000039
460 0.000030
464 0.000022
468 0.000016
472 0.000013
476 0.000011
480 0.000011
484 0.000010
488 0.000010
492 0.000011
496 0.000014
500 0.000016
504 0.000018
508 0.000021
512 0.000024
516 0.000026
520 0.000028
524 0.000030
528 0.000032
532 0.000034
536 0.000035
540 0.000035
544 0.000036
548 0.000035
552 0.000035
556 0.000036
560 0.000036
564 0.000036
568 0.000036
572 0.000037
576 0.000039
580 0.000042
584 0.000045
588 0.000047
592 0.000048
596 0.000049
600 0.000048
604 0.000046
608 0.000044
612 0.000042
616 0.000040
620 0.000039
624 0.000035
628 0.000034
632 0.000032
636 0.000030
640 0.000029
644 0.000027
648 0.000024
652 0.000022
656 0.000019
660 0.000016
664 0.000015
668 0.000014
672 0.000014
676 0.000010
680 0.000008
684 0.000008
688 0.000008
692 0.000008
696 0.000007
700 0.000004
704 0.000004
708 0.000004
712 0.000003
716 0.000002
720 0.000003
724 0.000003
728 0.000001
732 0.000000
736 0.000000
740 0.000000
744 0.000000
748 0.000001
752 0.000001
756 0.000004
760 0.000001
764 0.000000
768 0.000003
772 0.000001
776 0.000003
780 0.000005
