380 0.000002
384 0.000002
388 0.000002
392 0.000000
396 0.000000
400 0.000001
404 0.000001
408 0.000000
412 0.000001
416 0.000003
420 0.000006
424 0.000012
428 0.000020
432 0.000031
436 0.000048
440 0.000068
444 0.000089
448 0.000095
452 0.000083
456 0.000063
460 0.000045
464 0.000032
468 0.000024
472 0.000019
476 0.000015
480 0.000014
484 0.000012
488 0.000012
492 0.000013
496 0.000015
500 0.000017
504 0.000019
508 0.000022
512 0.000025
516 0.000028
520 0.000032
524 0.000035
528 0.000038
532 0.000040
536 0.000040
540 0.000039
544 0.000038
548 0.000037
552 0.000037
556 0.000037
560 0.000039
564 0.000041
568 0.000046
572 0.000066
576 0.000120
580 0.000217
584 0.000337
588 0.000425
592 0.000472
596 0.000490
600 0.000487
604 0.000469
608 0.000442
612 0.000410
616 0.000379
620 0.000348
624 0.000317
628 0.000293
632 0.000268
636 0.000245
640 0.000224
644 0.000203
648 0.000184
652 0.000164
656 0.000147
660 0.000130
664 0.000116
668 0.000105
672 0.000095
676 0.000086
680 0.000076
684 0.000069
688 0.000062
692 0.000056
696 0.000047
700 0.000042
704 0.000036
708 0.000031
712 0.000028
716 0.000026
720 0.000023
724 0.000020
728 0.000018
732 0.000014
736 0.000014
740 0.000009
744 0.000011
748 0.000012
752 0.000008
756 0.000008
760 0.000003
764 0.000003
768 0.000006
772 0.000006
776 0.000003
780 0.000008
