380 0.000004
384 0.000001
388 0.000001
392 0.000005
396 0.000003
400 0.000003
404 0.000001
408 0.000001
412 0.000003
416 0.000006
420 0.000010
424 0.000015
428 0.000030
432 0.000049
436 0.000075
440 0.000107
444 0.000141
448 0.000149
452 0.000129
456 0.000096
460 0.000066
464 0.000045
468 0.000032
472 0.000026
476 0.000020
480 0.000018
484 0.000016
488 0.000015
492 0.000016
496 0.000017
500 0.000019
504 0.000022
508 0.000025
512 0.000029
516 0.000033
520 0.000038
524 0.000043
528 0.000046
532 0.000047
536 0.000046
540 0.000045
544 0.000041
548 0.000039
552 0.000040
556 0.000041
560 0.000043
564 0.000046
568 0.000058
572 0.000104
576 0.000230
580 0.000453
584 0.000729
588 0.000930
592 0.001040
596 0.001083
600 0.001076
604 0.001037
608 0.000977
612 0.000903
616 0.000836
620 0.000767
624 0.000697
628 0.000642
632 0.000588
636 0.000536
640 0.000489
644 0.000443
648 0.000398
652 0.000357
656 0.000322
660 0.000281
664 0.000251
668 0.000226
672 0.000208
676 0.000186
680 0.000166
684 0.000151
688 0.000136
692 0.000118
696 0.000104
700 0.000090
704 0.000078
708 0.000068
712 0.000064
716 0.000052
720 0.000046
724 0.000042
728 0.000038
732 0.000035
736 0.000034
740 0.000026
744 0.000026
748 0.000024
752 0.000022
756 0.000017
760 0.000017
764 0.000017
768 0.000016
772 0.000012
776 0.000005
780 0.000013
