380 0.000000
384 0.000000
388 0.000001
392 0.000000
396 0.000001
400 0.000000
404 0.000000
408 0.000001
412 0.000001
416 0.000003
420 0.000008
424 0.000017
428 0.000034
432 0.000063
436 0.000113
440 0.000192
444 0.000297
448 0.000377
452 0.000379
456 0.000320
460 0.000246
464 0.000185
468 0.000140
472 0.000101
476 0.000076
480 0.000060
484 0.000049
488 0.000043
492 0.000039
496 0.000041
500 0.000047
504 0.000055
508 0.000062
512 0.000068
516 0.000073
520 0.000078
524 0.000080
528 0.000081
532 0.000081
536 0.000078
540 0.000074
544 0.000065
548 0.000059
552 0.000054
556 0.000050
560 0.000047
564 0.000044
568 0.000041
572 0.000040
576 0.000040
580 0.000041
584 0.000043
588 0.000045
592 0.000045
596 0.000044
600 0.000044
604 0.000042
608 0.000040
612 0.000038
616 0.000036
620 0.000034
624 0.000032
628 0.000031
632 0.000030
636 0.000029
640 0.000026
644 0.000024
648 0.000022
652 0.000019
656 0.000017
660 0.000017
664 0.000014
668 0.000013
672 0.000012
676 0.000011
680 0.000010
684 0.000010
688 0.000007
692 0.000007
696 0.000005
700 0.000003
704 0.000004
708 0.000004
712 0.000004
716 0.000004
720 0.000003
724 0.000001
728 0.000002
732 0.000000
736 0.000000
740 0.000002
744 0.000001
748 0.000000
752 0.000000
756 0.000001
760 0.000003
764 0.000006
768 0.000003
772 0.000003
776 0.000000
780 0.000001
