380 0.000007
384 0.000017
388 0.000003
392 0.000020
396 0.000009
400 0.000012
404 0.000004
408 0.000006
412 0.000017
416 0.000026
420 0.000080
424 0.000185
428 0.000402
432 0.000798
436 0.001500
440 0.002639
444 0.004225
448 0.005497
452 0.005627
456 0.004786
460 0.003665
464 0.002769
468 0.002069
472 0.001478
476 0.001070
480 0.000833
484 0.000665
488 0.000548
492 0.000493
496 0.000491
500 0.000547
504 0.000620
508 0.000701
512 0.000772
516 0.000821
520 0.000855
524 0.000872
528 0.000857
532 0.000823
536 0.000752
540 0.000664
544 0.000534
548 0.000426
552 0.000334
556 0.000257
560 0.000202
564 0.000152
568 0.000117
572 0.000092
576 0.000083
580 0.000078
584 0.000063
588 0.000059
592 0.000056
596 0.000056
600 0.000051
604 0.000051
608 0.000051
612 0.000042
616 0.000042
620 0.000043
624 0.000043
628 0.000044
632 0.000043
636 0.000033
640 0.000027
644 0.000025
648 0.000025
652 0.000028
656 0.000028
660 0.000028
664 0.000025
668 0.000024
672 0.000019
676 0.000020
680 0.000012
684 0.000018
688 0.000015
692 0.000010
696 0.000001
700 0.000012
704 0.000013
708 0.000014
712 0.000001
716 0.000001
720 0.000005
724 0.000003
728 0.000008
732 0.000008
736 0.000025
740 0.000025
744 0.000002
748 0.000010
752 0.000011
756 0.000005
760 0.000009
764 0.000009
768 0.000003
772 0.000003
776 0.000004
780 0.000012
