380 0.000012
384 0.000016
388 0.000002
392 0.000011
396 0.000004
400 0.000008
404 0.000006
408 0.000014
412 0.000014
416 0.000021
420 0.000054
424 0.000135
428 0.000285
432 0.000557
436 0.001046
440 0.001841
444 0.002948
448 0.003825
452 0.003914
456 0.003330
460 0.002552
464 0.001924
468 0.001444
472 0.001035
476 0.000750
480 0.000584
484 0.000461
488 0.000378
492 0.000341
496 0.000345
500 0.000384
504 0.000442
508 0.000497
512 0.000546
516 0.000582
520 0.000609
524 0.000615
528 0.000611
532 0.000582
536 0.000536
540 0.000475
544 0.000388
548 0.000309
552 0.000245
556 0.000197
560 0.000154
564 0.000120
568 0.000095
572 0.000078
576 0.000068
580 0.000062
584 0.000061
588 0.000058
592 0.000059
596 0.000055
600 0.000050
604 0.000047
608 0.000051
612 0.000044
616 0.000044
620 0.000039
624 0.000035
628 0.000037
632 0.000038
636 0.000036
640 0.000028
644 0.000034
648 0.000027
652 0.000028
656 0.000031
660 0.000026
664 0.000028
668 0.000025
672 0.000022
676 0.000015
680 0.000019
684 0.000015
688 0.000017
692 0.000014
696 0.000011
700 0.000013
704 0.000009
708 0.000005
712 0.000010
716 0.000006
720 0.000001
724 0.000009
728 0.000001
732 0.000001
736 0.000001
740 0.000001
744 0.000004
748 0.000009
752 0.000004
756 0.000025
760 0.000006
764 0.000013
768 0.000004
772 0.000008
776 0.000022
780 0.000008
