380 0.000007
384 0.000016
388 0.000006
392 0.000002
396 0.000002
400 0.000010
404 0.000024
408 0.000018
412 0.000028
416 0.000035
420 0.000083
424 0.000213
428 0.000471
432 0.000928
436 0.001750
440 0.003091
444 0.004952
448 0.006429
452 0.006577
456 0.005590
460 0.004281
464 0.003237
468 0.002412
472 0.001725
476 0.001253
480 0.000977
484 0.000766
488 0.000629
492 0.000569
496 0.000572
500 0.000641
504 0.000729
508 0.000819
512 0.000901
516 0.000958
520 0.000995
524 0.001004
528 0.000996
532 0.000955
536 0.000871
540 0.000761
544 0.000623
548 0.000494
552 0.000389
556 0.000300
560 0.000228
564 0.000166
568 0.000129
572 0.000108
576 0.000090
580 0.000075
584 0.000067
588 0.000064
592 0.000066
596 0.000060
600 0.000053
604 0.000050
608 0.000051
612 0.000053
616 0.000046
620 0.000042
624 0.000046
628 0.000035
632 0.000031
636 0.000032
640 0.000036
644 0.000034
648 0.000029
652 0.000028
656 0.000024
660 0.000035
664 0.000036
668 0.000025
672 0.000034
676 0.000029
680 0.000026
684 0.000022
688 0.000021
692 0.000011
696 0.000029
700 0.000028
704 0.000026
708 0.000028
712 0.000001
716 0.000006
720 0.000013
724 0.000007
728 0.000005
732 0.000013
736 0.000019
740 0.000013
744 0.000002
748 0.000003
752 0.000003
756 0.000006
760 0.000025
764 0.000014
768 0.000005
772 0.000024
776 0.000018
780 0.000060
