380 0.000001
384 0.000005
388 0.000001
392 0.000001
396 0.000001
400 0.000000
404 0.000000
408 0.000003
412 0.000003
416 0.000013
420 0.000032
424 0.000066
428 0.000141
432 0.000277
436 0.000512
440 0.000898
444 0.001434
448 0.001856
452 0.001895
456 0.001610
460 0.001234
464 0.000933
468 0.000697
472 0.000501
476 0.000366
480 0.000286
484 0.000227
488 0.000187
492 0.000169
496 0.000175
500 0.000193
504 0.000220
508 0.000249
512 0.000273
516 0.000292
520 0.000307
524 0.000312
528 0.000310
532 0.000298
536 0.000277
540 0.000246
544 0.000205
548 0.000168
552 0.000136
556 0.000114
560 0.000093
564 0.000074
568 0.000062
572 0.000058
576 0.000054
580 0.000053
584 0.000049
588 0.000048
592 0.000048
596 0.000048
600 0.000046
604 0.000043
608 0.000041
612 0.000041
616 0.000040
620 0.000037
624 0.000034
628 0.000033
632 0.000034
636 0.000031
640 0.000027
644 0.000028
648 0.000026
652 0.000024
656 0.000022
660 0.000020
664 0.000019
668 0.000016
672 0.000017
676 0.000016
680 0.000014
684 0.000012
688 0.000009
692 0.000009
696 0.000008
700 0.000005
704 0.000006
708 0.000004
712 0.000007
716 0.000004
720 0.000002
724 0.000005
728 0.000003
732 0.000004
736 0.000009
740 0.000006
744 0.000004
748 0.000006
752 0.000003
756 0.000002
760 0.000007
764 0.000005
768 0.000016
772 0.000003
776 0.000003
780 0.000005
