380 0.000001
384 0.000000
388 0.000000
392 0.000001
396 0.000000
400 0.000000
404 0.000000
408 0.000000
412 0.000000
416 0.000001
420 0.000004
424 0.000007
428 0.000012
432 0.000020
436 0.000031
440 0.000044
444 0.000060
448 0.000067
452 0.000061
456 0.000049
460 0.000038
464 0.000029
468 0.000022
472 0.000017
476 0.000015
480 0.000013
484 0.000012
488 0.000012
492 0.000012
496 0.000013
500 0.000016
504 0.000020
508 0.000024
512 0.000026
516 0.000027
520 0.000030
524 0.000033
528 0.000034
532 0.000036
536 0.000037
540 0.000037
544 0.000037
548 0.000036
552 0.000036
556 0.000036
560 0.000036
564 0.000037
568 0.000037
572 0.000037
576 0.000037
580 0.000039
584 0.000042
588 0.000043
592 0.000044
596 0.000044
600 0.000042
604 0.000041
608 0.000039
612 0.000038
616 0.000036
620 0.000035
624 0.000034
628 0.000031
632 0.000029
636 0.000027
640 0.000026
644 0.000024
648 0.000021
652 0.000019
656 0.000017
660 0.000016
664 0.000015
668 0.000013
672 0.000012
676 0.000010
680 0.000009
684 0.000009
688 0.000007
692 0.000005
696 0.000005
700 0.000005
704 0.000004
708 0.000005
712 0.000003
716 0.000003
720 0.000002
724 0.000000
728 0.000001
732 0.000002
736 0.000002
740 0.000002
744 0.000001
748 0.000003
752 0.000001
756 0.000001
760 0.000005
764 0.000004
768 0.000001
772 0.000000
776 0.000001
780 0.000001
