380 0.000000
384 0.000000
388 0.000000
392 0.000000
396 0.000000
400 0.000000
404 0.000001
408 0.000001
412 0.000000
416 0.000002
420 0.000003
424 0.000006
428 0.000011
432 0.000018
436 0.000027
440 0.000039
444 0.000052
448 0.000054
452 0.000050
456 0.000040
460 0.000030
464 0.000023
468 0.000018
472 0.000014
476 0.000013
480 0.000011
484 0.000011
488 0.000011
492 0.000011
496 0.000013
500 0.000015
504 0.000018
508 0.000022
512 0.000024
516 0.000026
520 0.000028
524 0.000030
528 0.000032
532 0.000034
536 0.000035
540 0.000036
544 0.000036
548 0.000036
552 0.000035
556 0.000035
560 0.000037
564 0.000037
568 0.000037
572 0.000037
576 0.000038
580 0.000040
584 0.000042
588 0.000043
592 0.000044
596 0.000044
600 0.000044
604 0.000042
608 0.000041
612 0.000039
616 0.000037
620 0.000035
624 0.000033
628 0.000031
632 0.000029
636 0.000027
640 0.000026
644 0.000025
648 0.000023
652 0.000020
656 0.000019
660 0.000015
664 0.000014
668 0.000013
672 0.000012
676 0.000010
680 0.000009
684 0.000009
688 0.000009
692 0.000006
696 0.000004
700 0.000004
704 0.000005
708 0.000005
712 0.000003
716 0.000000
720 0.000002
724 0.000004
728 0.000001
732 0.000003
736 0.000002
740 0.000002
744 0.000003
748 0.000001
752 0.000000
756 0.000004
760 0.000001
764 0.000000
768 0.000002
772 0.000002
776 0.000001
780 0.000001
