380 0.000017
384 0.000022
388 0.000002
392 0.000001
396 0.000001
400 0.000001
404 0.000002
408 0.000004
412 0.000008
416 0.000016
420 0.000025
424 0.000037
428 0.000066
432 0.000106
436 0.000160
440 0.000235
444 0.000304
448 0.000317
452 0.000275
456 0.000200
460 0.000131
464 0.000086
468 0.000063
472 0.000046
476 0.000034
480 0.000029
484 0.000023
488 0.000023
492 0.000020
496 0.000021
500 0.000027
504 0.000027
508 0.000031
512 0.000038
516 0.000046
520 0.000057
524 0.000065
528 0.000072
532 0.000075
536 0.000068
540 0.000061
544 0.000052
548 0.000050
552 0.000048
556 0.000049
560 0.000051
564 0.000060
568 0.000096
572 0.000224
576 0.000568
580 0.001185
584 0.001955
588 0.002514
592 0.002818
596 0.002935
600 0.002924
604 0.002809
608 0.002644
612 0.002446
616 0.002265
620 0.002072
624 0.001886
628 0.001737
632 0.001589
636 0.001443
640 0.001320
644 0.001190
648 0.001068
652 0.000953
656 0.000856
660 0.000752
664 0.000667
668 0.000603
672 0.000554
676 0.000498
680 0.000445
684 0.000404
688 0.000368
692 0.000325
696 0.000276
700 0.000241
704 0.000210
708 0.000182
712 0.000158
716 0.000143
720 0.000130
724 0.000121
728 0.000104
732 0.000096
736 0.000086
740 0.000072
744 0.000069
748 0.000058
752 0.000051
756 0.000059
760 0.000047
764 0.000031
768 0.000022
772 0.000037
776 0.000042
780 0.000025
