380 0.000004
384 0.000024
388 0.000004
392 0.000027
396 0.000034
400 0.000019
404 0.000023
408 0.000023
412 0.000040
416 0.000078
420 0.000167
424 0.000380
428 0.000801
432 0.001568
436 0.002940
440 0.005205
444 0.008337
448 0.010720
452 0.010800
456 0.009032
460 0.006864
464 0.005252
468 0.004105
472 0.003250
476 0.002678
480 0.002314
484 0.001989
488 0.001734
492 0.001646
496 0.001739
500 0.002024
504 0.002419
508 0.002861
512 0.003333
516 0.003786
520 0.004279
524 0.004722
528 0.005155
532 0.005530
536 0.005730
540 0.005803
544 0.005713
548 0.005602
552 0.005504
556 0.005359
560 0.005171
564 0.004858
568 0.004547
572 0.004309
576 0.004279
580 0.004572
584 0.005024
588 0.005227
592 0.005164
596 0.004910
600 0.004528
604 0.004051
608 0.003591
612 0.003175
616 0.002848
620 0.002554
624 0.002271
628 0.002078
632 0.001889
636 0.001711
640 0.001567
644 0.001413
648 0.001271
652 0.001126
656 0.001003
660 0.000897
664 0.000794
668 0.000736
672 0.000679
676 0.000595
680 0.000548
684 0.000507
688 0.000472
692 0.000423
696 0.000365
700 0.000295
704 0.000261
708 0.000240
712 0.000241
716 0.000199
720 0.000175
724 0.000151
728 0.000104
732 0.000092
736 0.000101
740 0.000101
744 0.000092
748 0.000110
752 0.000110
756 0.000106
760 0.000094
764 0.000075
768 0.000074
772 0.000037
776 0.000106
780 0.000044
