380 0.000004
384 0.000002
388 0.000000
392 0.000002
396 0.000001
400 0.000000
404 0.000000
408 0.000000
412 0.000001
416 0.000003
420 0.000005
424 0.000008
428 0.000014
432 0.000022
436 0.000037
440 0.000063
444 0.000100
448 0.000119
452 0.000109
456 0.000085
460 0.000065
464 0.000058
468 0.000063
472 0.000077
476 0.000088
480 0.000094
484 0.000092
488 0.000086
492 0.000088
496 0.000098
500 0.000120
504 0.000147
508 0.000179
512 0.000215
516 0.000254
520 0.000298
524 0.000341
528 0.000388
532 0.000433
536 0.000468
540 0.000493
544 0.000506
548 0.000513
552 0.000519
556 0.000518
560 0.000512
564 0.000490
568 0.000461
572 0.000428
576 0.000391
580 0.000355
584 0.000316
588 0.000277
592 0.000240
596 0.000204
600 0.000166
604 0.000130
608 0.000101
612 0.000081
616 0.000067
620 0.000056
624 0.000049
628 0.000043
632 0.000039
636 0.000036
640 0.000035
644 0.000031
648 0.000027
652 0.000024
656 0.000022
660 0.000019
664 0.000018
668 0.000017
672 0.000016
676 0.000013
680 0.000012
684 0.000013
688 0.000011
692 0.000011
696 0.000010
700 0.000009
704 0.000008
708 0.000007
712 0.000006
716 0.000006
720 0.000005
724 0.000005
728 0.000004
732 0.000004
736 0.000005
740 0.000004
744 0.000004
748 0.000004
752 0.000003
756 0.000004
760 0.000005
764 0.000004
768 0.000001
772 0.000002
776 0.000009
780 0.000009
