380 0.000060
384 0.000016
388 0.000037
392 0.000017
396 0.000047
400 0.000028
404 0.000021
408 0.000028
412 0.000053
416 0.000079
420 0.000154
424 0.000385
428 0.000794
432 0.001566
436 0.002961
440 0.005217
444 0.008366
448 0.010790
452 0.010900
456 0.009131
460 0.006963
464 0.005343
468 0.004181
472 0.003297
476 0.002707
480 0.002335
484 0.002010
488 0.001756
492 0.001666
496 0.001754
500 0.002038
504 0.002431
508 0.002878
512 0.003329
516 0.003801
520 0.004292
524 0.004737
528 0.005172
532 0.005540
536 0.005736
540 0.005811
544 0.005730
548 0.005613
552 0.005507
556 0.005363
560 0.005174
564 0.004863
568 0.004553
572 0.004317
576 0.004288
580 0.004570
584 0.005003
588 0.005219
592 0.005167
596 0.004913
600 0.004529
604 0.004043
608 0.003597
612 0.003185
616 0.002852
620 0.002550
624 0.002278
628 0.002078
632 0.001888
636 0.001721
640 0.001566
644 0.001415
648 0.001267
652 0.001132
656 0.001020
660 0.000890
664 0.000802
668 0.000730
672 0.000682
676 0.000599
680 0.000545
684 0.000506
688 0.000472
692 0.000414
696 0.000365
700 0.000313
704 0.000289
708 0.000248
712 0.000222
716 0.000175
720 0.000148
724 0.000151
728 0.000125
732 0.000133
736 0.000126
740 0.000066
744 0.000074
748 0.000123
752 0.000138
756 0.000070
760 0.000066
764 0.000093
768 0.000051
772 0.000061
776 0.000078
780 0.000149
