380 0.000020
384 0.000033
388 0.000003
392 0.000001
396 0.000002
400 0.000006
404 0.000006
408 0.000002
412 0.000003
416 0.000006
420 0.000016
424 0.000019
428 0.000029
432 0.000045
436 0.000093
440 0.000193
444 0.000343
448 0.000438
452 0.000405
456 0.000304
460 0.000234
464 0.000233
468 0.000289
472 0.000390
476 0.000460
480 0.000493
484 0.000485
488 0.000461
492 0.000461
496 0.000515
500 0.000628
504 0.000777
508 0.000949
512 0.001148
516 0.001361
520 0.001613
524 0.001855
528 0.002111
532 0.002365
536 0.002561
540 0.002710
544 0.002791
548 0.002832
552 0.002866
556 0.002859
560 0.002813
564 0.002684
568 0.002512
572 0.002315
576 0.002098
580 0.001879
584 0.001643
588 0.001410
592 0.001191
596 0.000974
600 0.000761
604 0.000551
608 0.000395
612 0.000288
616 0.000212
620 0.000163
624 0.000126
628 0.000106
632 0.000089
636 0.000076
640 0.000066
644 0.000059
648 0.000050
652 0.000043
656 0.000038
660 0.000035
664 0.000034
668 0.000032
672 0.000033
676 0.000033
680 0.000034
684 0.000032
688 0.000033
692 0.000034
696 0.000037
700 0.000030
704 0.000033
708 0.000030
712 0.000030
716 0.000028
720 0.000017
724 0.000016
728 0.000012
732 0.000012
736 0.000018
740 0.000018
744 0.000018
748 0.000020
752 0.000014
756 0.000015
760 0.000011
764 0.000029
768 0.000017
772 0.000018
776 0.000002
780 0.000017
