380 0.000008
384 0.000003
388 0.000001
392 0.000001
396 0.000001
400 0.000001
404 0.000005
408 0.000010
412 0.000015
416 0.000021
420 0.000050
424 0.000110
428 0.000229
432 0.000432
436 0.000796
440 0.001392
444 0.002224
448 0.002884
452 0.002957
456 0.002542
460 0.002025
464 0.001650
468 0.001384
472 0.001160
476 0.000963
480 0.000820
484 0.000692
488 0.000590
492 0.000543
496 0.000560
500 0.000636
504 0.000748
508 0.000874
512 0.001002
516 0.001127
520 0.001261
524 0.001375
528 0.001489
532 0.001583
536 0.001634
540 0.001651
544 0.001623
548 0.001587
552 0.001558
556 0.001518
560 0.001467
564 0.001386
568 0.001301
572 0.001236
576 0.001226
580 0.001301
584 0.001416
588 0.001475
592 0.001471
596 0.001407
600 0.001299
604 0.001158
608 0.001031
612 0.000915
616 0.000822
620 0.000739
624 0.000664
628 0.000608
632 0.000556
636 0.000505
640 0.000462
644 0.000419
648 0.000377
652 0.000335
656 0.000300
660 0.000267
664 0.000241
668 0.000217
672 0.000200
676 0.000183
680 0.000164
684 0.000150
688 0.000139
692 0.000117
696 0.000109
700 0.000096
704 0.000080
708 0.000076
712 0.000073
716 0.000061
720 0.000058
724 0.000050
728 0.000045
732 0.000043
736 0.000044
740 0.000028
744 0.000024
748 0.000023
752 0.000014
756 0.000009
760 0.000017
764 0.000021
768 0.000031
772 0.000027
776 0.000020
780 0.000020
