380 0.000002
384 0.000004
388 0.000001
392 0.000000
396 0.000001
400 0.000002
404 0.000004
408 0.000003
412 0.000007
416 0.000012
420 0.000025
424 0.000049
428 0.000096
432 0.000178
436 0.000322
440 0.000550
444 0.000864
448 0.001115
452 0.001152
456 0.001019
460 0.000858
464 0.000754
468 0.000679
472 0.000600
476 0.000506
480 0.000427
484 0.000354
488 0.000297
492 0.000269
496 0.000268
500 0.000297
504 0.000343
508 0.000396
512 0.000448
516 0.000498
520 0.000547
524 0.000589
528 0.000628
532 0.000662
536 0.000678
540 0.000682
544 0.000668
548 0.000652
552 0.000641
556 0.000627
560 0.000607
564 0.000577
568 0.000546
572 0.000523
576 0.000520
580 0.000549
584 0.000594
588 0.000620
592 0.000621
596 0.000602
600 0.000558
604 0.000499
608 0.000445
612 0.000397
616 0.000359
620 0.000324
624 0.000295
628 0.000271
632 0.000249
636 0.000229
640 0.000209
644 0.000190
648 0.000172
652 0.000155
656 0.000140
660 0.000124
664 0.000112
668 0.000103
672 0.000094
676 0.000085
680 0.000079
684 0.000069
688 0.000063
692 0.000057
696 0.000051
700 0.000044
704 0.000039
708 0.000035
712 0.000031
716 0.000027
720 0.000022
724 0.000019
728 0.000019
732 0.000017
736 0.000012
740 0.000014
744 0.000012
748 0.000011
752 0.000016
756 0.000010
760 0.000009
764 0.000014
768 0.000015
772 0.000013
776 0.000008
780 0.000003
