380 0.000031
384 0.000025
388 0.000011
392 0.000011
396 0.000028
400 0.000023
404 0.000009
408 0.000003
412 0.000022
416 0.000039
420 0.000096
424 0.000193
428 0.000400
432 0.000785
436 0.001454
440 0.002545
444 0.004083
448 0.005295
452 0.005416
456 0.004614
460 0.003609
464 0.002869
468 0.002336
472 0.001917
476 0.001589
480 0.001359
484 0.001159
488 0.000993
492 0.000918
496 0.000958
500 0.001095
504 0.001286
508 0.001514
512 0.001750
516 0.001981
520 0.002228
524 0.002440
528 0.002645
532 0.002822
536 0.002924
540 0.002957
544 0.002906
548 0.002843
552 0.002790
556 0.002716
560 0.002626
564 0.002477
568 0.002322
572 0.002206
576 0.002187
580 0.002327
584 0.002555
588 0.002663
592 0.002645
596 0.002526
600 0.002333
604 0.002078
608 0.001861
612 0.001653
616 0.001480
620 0.001326
624 0.001189
628 0.001083
632 0.000986
636 0.000901
640 0.000816
644 0.000737
648 0.000663
652 0.000592
656 0.000538
660 0.000472
664 0.000430
668 0.000388
672 0.000357
676 0.000315
680 0.000284
684 0.000264
688 0.000236
692 0.000218
696 0.000200
700 0.000171
704 0.000154
708 0.000138
712 0.000111
716 0.000105
720 0.000092
724 0.000069
728 0.000062
732 0.000064
736 0.000047
740 0.000060
744 0.000050
748 0.000034
752 0.000054
756 0.000038
760 0.000038
764 0.000017
768 0.000028
772 0.000008
776 0.000032
780 0.000021
