380 0.000026
384 0.000008
388 0.000005
392 0.000045
396 0.000020
400 0.000007
404 0.000033
408 0.000043
412 0.000037
416 0.000070
420 0.000174
424 0.000405
428 0.000848
432 0.001660
436 0.003092
440 0.005457
444 0.008760
448 0.011350
452 0.011570
456 0.009805
460 0.007558
464 0.005892
468 0.004696
472 0.003784
476 0.003115
480 0.002685
484 0.002299
488 0.001986
492 0.001852
496 0.001952
500 0.002228
504 0.002639
508 0.003118
512 0.003604
516 0.004086
520 0.004600
524 0.005033
528 0.005472
532 0.005845
536 0.006059
540 0.006134
544 0.006019
548 0.005882
552 0.005767
556 0.005625
560 0.005431
564 0.005114
568 0.004768
572 0.004512
576 0.004480
580 0.004776
584 0.005244
588 0.005483
592 0.005443
596 0.005186
600 0.004776
604 0.004265
608 0.003793
612 0.003365
616 0.003022
620 0.002696
624 0.002404
628 0.002201
632 0.002005
636 0.001813
640 0.001655
644 0.001483
648 0.001338
652 0.001199
656 0.001077
660 0.000955
664 0.000847
668 0.000796
672 0.000729
676 0.000633
680 0.000574
684 0.000547
688 0.000501
692 0.000448
696 0.000398
700 0.000343
704 0.000292
708 0.000297
712 0.000272
716 0.000235
720 0.000206
724 0.000138
728 0.000128
732 0.000117
736 0.000091
740 0.000091
744 0.000096
748 0.000120
752 0.000128
756 0.000129
760 0.000062
764 0.000058
768 0.000132
772 0.000161
776 0.000124
780 0.000078
