380 0.000001
384 0.000001
388 0.000000
392 0.000002
396 0.000000
400 0.000001
404 0.000000
408 0.000000
412 0.000000
416 0.000000
420 0.000001
424 0.000001
428 0.000001
432 0.000001
436 0.000001
440 0.000002
444 0.000003
448 0.000004
452 0.000006
456 0.000008
460 0.000011
464 0.000014
468 0.000018
472 0.000018
476 0.000017
480 0.000015
484 0.000011
488 0.000008
492 0.000006
496 0.000006
500 0.000007
504 0.000007
508 0.000008
512 0.000009
516 0.000009
520 0.000008
524 0.000008
528 0.000008
532 0.000007
536 0.000007
540 0.000007
544 0.000006
548 0.000006
552 0.000006
556 0.000007
560 0.000007
564 0.000008
568 0.000007
572 0.000007
576 0.000007
580 0.000008
584 0.000009
588 0.000010
592 0.000012
596 0.000012
600 0.000012
604 0.000010
608 0.000009
612 0.000009
616 0.000009
620 0.000008
624 0.000007
628 0.000008
632 0.000007
636 0.000007
640 0.000005
644 0.000006
648 0.000006
652 0.000004
656 0.000003
660 0.000003
664 0.000003
668 0.000003
672 0.000004
676 0.000003
680 0.000003
684 0.000003
688 0.000002
692 0.000001
696 0.000001
700 0.000002
704 0.000001
708 0.000001
712 0.000000
716 0.000000
720 0.000000
724 0.000000
728 0.000001
732 0.000001
736 0.000000
740 0.000002
744 0.000000
748 0.000000
752 0.000001
756 0.000002
760 0.000001
764 0.000000
768 0.000002
772 0.000002
776 0.000000
780 0.000001
