380 0.000000
384 0.000001
388 0.000000
392 0.000000
396 0.000000
400 0.000000
404 0.000000
408 0.000001
412 0.000002
416 0.000005
420 0.000008
424 0.000016
428 0.000025
432 0.000036
436 0.000052
440 0.000074
444 0.000100
448 0.000122
452 0.000139
456 0.000164
460 0.000202
464 0.000249
468 0.000282
472 0.000282
476 0.000244
480 0.000199
484 0.000157
488 0.000126
492 0.000107
496 0.000096
500 0.000099
504 0.000106
508 0.000115
512 0.000122
516 0.000125
520 0.000124
524 0.000120
528 0.000115
532 0.000109
536 0.000102
540 0.000095
544 0.000089
548 0.000085
552 0.000083
556 0.000082
560 0.000083
564 0.000082
568 0.000083
572 0.000085
576 0.000087
580 0.000092
584 0.000099
588 0.000106
592 0.000113
596 0.000118
600 0.000114
604 0.000103
608 0.000095
612 0.000088
616 0.000084
620 0.000080
624 0.000076
628 0.000072
632 0.000068
636 0.000064
640 0.000061
644 0.000056
648 0.000051
652 0.000047
656 0.000043
660 0.000039
664 0.000035
668 0.000031
672 0.000028
676 0.000024
680 0.000025
684 0.000022
688 0.000019
692 0.000016
696 0.000015
700 0.000013
704 0.000011
708 0.000009
712 0.000008
716 0.000008
720 0.000007
724 0.000005
728 0.000006
732 0.000004
736 0.000004
740 0.000003
744 0.000003
748 0.000000
752 0.000001
756 0.000001
760 0.000001
764 0.000000
768 0.000001
772 0.000008
776 0.000007
780 0.000012
