380 0.000023
384 0.000041
388 0.000022
392 0.000012
396 0.000008
400 0.000008
404 0.000005
408 0.000009
412 0.000014
416 0.000035
420 0.000074
424 0.000164
428 0.000340
432 0.000651
436 0.001205
440 0.002110
444 0.003388
448 0.004390
452 0.004486
456 0.003834
460 0.003007
464 0.002406
468 0.001982
472 0.001634
476 0.001356
480 0.001158
484 0.000985
488 0.000848
492 0.000785
496 0.000813
500 0.000928
504 0.001093
508 0.001281
512 0.001474
516 0.001666
520 0.001869
524 0.002048
528 0.002223
532 0.002372
536 0.002452
540 0.002483
544 0.002441
548 0.002384
552 0.002346
556 0.002285
560 0.002210
564 0.002083
568 0.001955
572 0.001856
576 0.001842
580 0.001960
584 0.002150
588 0.002240
592 0.002230
596 0.002130
600 0.001967
604 0.001760
608 0.001562
612 0.001390
616 0.001250
620 0.001125
624 0.001002
628 0.000917
632 0.000837
636 0.000761
640 0.000694
644 0.000629
648 0.000570
652 0.000507
656 0.000458
660 0.000402
664 0.000356
668 0.000322
672 0.000294
676 0.000271
680 0.000244
684 0.000229
688 0.000210
692 0.000180
696 0.000163
700 0.000146
704 0.000128
708 0.000118
712 0.000103
716 0.000092
720 0.000080
724 0.000070
728 0.000071
732 0.000071
736 0.000062
740 0.000051
744 0.000029
748 0.000020
752 0.000027
756 0.000036
760 0.000045
764 0.000023
768 0.000036
772 0.000009
776 0.000015
780 0.000002
