380 0.000002
384 0.000000
388 0.000000
392 0.000000
396 0.000001
400 0.000001
404 0.000001
408 0.000002
412 0.000003
416 0.000005
420 0.000011
424 0.000022
428 0.000038
432 0.000062
436 0.000101
440 0.000160
444 0.000238
448 0.000301
452 0.000323
456 0.000319
460 0.000321
464 0.000340
468 0.000354
472 0.000341
476 0.000292
480 0.000241
484 0.000193
488 0.000157
492 0.000136
496 0.000128
500 0.000134
504 0.000149
508 0.000167
512 0.000182
516 0.000194
520 0.000203
524 0.000206
528 0.000209
532 0.000210
536 0.000209
540 0.000205
544 0.000197
548 0.000190
552 0.000187
556 0.000182
560 0.000180
564 0.000175
568 0.000169
572 0.000166
576 0.000168
580 0.000177
584 0.000190
588 0.000201
592 0.000207
596 0.000206
600 0.000195
604 0.000175
608 0.000158
612 0.000144
616 0.000134
620 0.000125
624 0.000115
628 0.000108
632 0.000102
636 0.000094
640 0.000088
644 0.000081
648 0.000073
652 0.000066
656 0.000061
660 0.000054
664 0.000049
668 0.000045
672 0.000042
676 0.000037
680 0.000033
684 0.000031
688 0.000027
692 0.000023
696 0.000021
700 0.000020
704 0.000017
708 0.000014
712 0.000013
716 0.000011
720 0.000010
724 0.000011
728 0.000008
732 0.000008
736 0.000008
740 0.000005
744 0.000005
748 0.000006
752 0.000003
756 0.000006
760 0.000004
764 0.000006
768 0.000002
772 0.000004
776 0.000004
780 0.000004
