380 0.000003
384 0.000001
388 0.000000
392 0.000000
396 0.000000
400 0.000000
404 0.000001
408 0.000002
412 0.000004
416 0.000007
420 0.000015
424 0.000028
428 0.000051
432 0.000088
436 0.000152
440 0.000250
444 0.000382
448 0.000490
452 0.000515
456 0.000481
460 0.000445
464 0.000437
468 0.000430
472 0.000400
476 0.000340
480 0.000283
484 0.000230
488 0.000189
492 0.000166
496 0.000160
500 0.000171
504 0.000193
508 0.000219
512 0.000242
516 0.000263
520 0.000281
524 0.000293
528 0.000304
532 0.000312
536 0.000314
540 0.000311
544 0.000301
548 0.000294
552 0.000289
556 0.000283
560 0.000277
564 0.000266
568 0.000254
572 0.000246
576 0.000246
580 0.000258
584 0.000279
588 0.000292
592 0.000298
596 0.000293
600 0.000275
604 0.000246
608 0.000221
612 0.000199
616 0.000182
620 0.000168
624 0.000154
628 0.000143
632 0.000133
636 0.000124
640 0.000114
644 0.000105
648 0.000095
652 0.000086
656 0.000078
660 0.000068
664 0.000061
668 0.000056
672 0.000051
676 0.000048
680 0.000043
684 0.000038
688 0.000034
692 0.000032
696 0.000029
700 0.000023
704 0.000021
708 0.000020
712 0.000017
716 0.000015
720 0.000014
724 0.000012
728 0.000010
732 0.000009
736 0.000009
740 0.000006
744 0.000007
748 0.000003
752 0.000007
756 0.000006
760 0.000003
764 0.000003
768 0.000006
772 0.000004
776 0.000003
780 0.000006
