380 0.000027
384 0.000033
388 0.000021
392 0.000034
396 0.000034
400 0.000022
404 0.000015
408 0.000030
412 0.000039
416 0.000089
420 0.000176
424 0.000381
428 0.000821
432 0.001585
436 0.002961
440 0.005224
444 0.008426
448 0.010940
452 0.011140
456 0.009431
460 0.007286
464 0.005680
468 0.004534
472 0.003655
476 0.003006
480 0.002581
484 0.002205
488 0.001909
492 0.001789
496 0.001863
500 0.002154
504 0.002554
508 0.003004
512 0.003463
516 0.003909
520 0.004407
524 0.004850
528 0.005276
532 0.005636
536 0.005837
540 0.005902
544 0.005800
548 0.005670
552 0.005569
556 0.005425
560 0.005234
564 0.004915
568 0.004586
572 0.004358
576 0.004334
580 0.004617
584 0.005051
588 0.005266
592 0.005234
596 0.004994
600 0.004605
604 0.004106
608 0.003656
612 0.003242
616 0.002907
620 0.002598
624 0.002314
628 0.002112
632 0.001947
636 0.001762
640 0.001595
644 0.001448
648 0.001295
652 0.001153
656 0.001033
660 0.000920
664 0.000816
668 0.000745
672 0.000686
676 0.000607
680 0.000566
684 0.000508
688 0.000478
692 0.000422
696 0.000380
700 0.000335
704 0.000301
708 0.000271
712 0.000223
716 0.000187
720 0.000191
724 0.000164
728 0.000168
732 0.000156
736 0.000111
740 0.000111
744 0.000119
748 0.000098
752 0.000089
756 0.000092
760 0.000073
764 0.000028
768 0.000015
772 0.000029
776 0.000027
780 0.000023
