380 0.000005
384 0.000003
388 0.000024
392 0.000014
396 0.000022
400 0.000028
404 0.000017
408 0.000002
412 0.000015
416 0.000035
420 0.000114
424 0.000248
428 0.000539
432 0.001073
436 0.002008
440 0.003541
444 0.005677
448 0.007372
452 0.007545
456 0.006416
460 0.004912
464 0.003706
468 0.002762
472 0.001984
476 0.001436
480 0.001116
484 0.000886
488 0.000727
492 0.000648
496 0.000652
500 0.000718
504 0.000828
508 0.000936
512 0.001025
516 0.001094
520 0.001136
524 0.001147
528 0.001127
532 0.001075
536 0.000981
540 0.000864
544 0.000695
548 0.000549
552 0.000433
556 0.000334
560 0.000256
564 0.000193
568 0.000146
572 0.000116
576 0.000095
580 0.000078
584 0.000077
588 0.000070
592 0.000065
596 0.000058
600 0.000057
604 0.000054
608 0.000049
612 0.000043
616 0.000046
620 0.000053
624 0.000040
628 0.000043
632 0.000041
636 0.000032
640 0.000035
644 0.000024
648 0.000027
652 0.000027
656 0.000030
660 0.000034
664 0.000032
668 0.000026
672 0.000026
676 0.000020
680 0.000026
684 0.000020
688 0.000020
692 0.000031
696 0.000024
700 0.000021
704 0.000018
708 0.000015
712 0.000004
716 0.000002
720 0.000002
724 0.000011
728 0.000004
732 0.000005
736 0.000009
740 0.000003
744 0.000003
748 0.000028
752 0.000015
756 0.000003
760 0.000021
764 0.000020
768 0.000004
772 0.000004
776 0.000009
780 0.000037
