380 0.000019
384 0.000020
388 0.000006
392 0.000014
396 0.000003
400 0.000005
404 0.000008
408 0.000008
412 0.000011
416 0.000019
420 0.000046
424 0.000109
428 0.000232
432 0.000456
436 0.000853
440 0.001501
444 0.002404
448 0.003111
452 0.003187
456 0.002714
460 0.002079
464 0.001569
468 0.001172
472 0.000838
476 0.000611
480 0.000475
484 0.000375
488 0.000310
492 0.000280
496 0.000282
500 0.000315
504 0.000361
508 0.000408
512 0.000445
516 0.000476
520 0.000497
524 0.000506
528 0.000504
532 0.000481
536 0.000441
540 0.000391
544 0.000317
548 0.000257
552 0.000209
556 0.000166
560 0.000132
564 0.000101
568 0.000085
572 0.000070
576 0.000065
580 0.000061
584 0.000055
588 0.000054
592 0.000052
596 0.000052
600 0.000048
604 0.000045
608 0.000043
612 0.000042
616 0.000039
620 0.000038
624 0.000039
628 0.000038
632 0.000033
636 0.000031
640 0.000030
644 0.000028
648 0.000027
652 0.000026
656 0.000023
660 0.000023
664 0.000022
668 0.000021
672 0.000023
676 0.000021
680 0.000016
684 0.000013
688 0.000007
692 0.000012
696 0.000011
700 0.000006
704 0.000002
708 0.000003
712 0.000006
716 0.000007
720 0.000004
724 0.000005
728 0.000007
732 0.000007
736 0.000004
740 0.000008
744 0.000015
748 0.000012
752 0.000003
756 0.000004
760 0.000003
764 0.000013
768 0.000012
772 0.000005
776 0.000002
780 0.000002
