380 0.000070
384 0.000016
388 0.000003
392 0.000002
396 0.000006
400 0.000011
404 0.000019
408 0.000037
412 0.000043
416 0.000066
420 0.000157
424 0.000360
428 0.000753
432 0.001485
436 0.002786
440 0.004885
444 0.007831
448 0.010170
452 0.010420
456 0.008848
460 0.006763
464 0.005100
468 0.003807
472 0.002735
476 0.001974
480 0.001529
484 0.001204
488 0.000987
492 0.000886
496 0.000900
500 0.000981
504 0.001123
508 0.001269
512 0.001383
516 0.001481
520 0.001531
524 0.001535
528 0.001521
532 0.001448
536 0.001328
540 0.001158
544 0.000934
548 0.000733
552 0.000572
556 0.000431
560 0.000316
564 0.000242
568 0.000185
572 0.000142
576 0.000122
580 0.000101
584 0.000082
588 0.000073
592 0.000068
596 0.000065
600 0.000053
604 0.000055
608 0.000056
612 0.000043
616 0.000046
620 0.000049
624 0.000050
628 0.000041
632 0.000042
636 0.000036
640 0.000042
644 0.000040
648 0.000044
652 0.000037
656 0.000043
660 0.000042
664 0.000047
668 0.000038
672 0.000023
676 0.000015
680 0.000022
684 0.000016
688 0.000026
692 0.000026
696 0.000024
700 0.000002
704 0.000016
708 0.000015
712 0.000018
716 0.000017
720 0.000002
724 0.000011
728 0.000035
732 0.000017
736 0.000008
740 0.000008
744 0.000027
748 0.000025
752 0.000046
756 0.000009
760 0.000017
764 0.000041
768 0.000012
772 0.000009
776 0.000006
780 0.000006
