380 0.000002
384 0.000001
388 0.000001
392 0.000000
396 0.000000
400 0.000000
404 0.000001
408 0.000002
412 0.000002
416 0.000003
420 0.000006
424 0.000012
428 0.000022
432 0.000036
436 0.000056
440 0.000080
444 0.000103
448 0.000111
452 0.000097
456 0.000073
460 0.000051
464 0.000036
468 0.000027
472 0.000019
476 0.000016
480 0.000015
484 0.000014
488 0.000013
492 0.000012
496 0.000014
500 0.000017
504 0.000020
508 0.000023
512 0.000026
516 0.000030
520 0.000034
524 0.000038
528 0.000041
532 0.000043
536 0.000042
540 0.000040
544 0.000039
548 0.000039
552 0.000039
556 0.000039
560 0.000040
564 0.000042
568 0.000049
572 0.000077
576 0.000152
580 0.000285
584 0.000451
588 0.000571
592 0.000638
596 0.000663
600 0.000658
604 0.000634
608 0.000597
612 0.000553
616 0.000513
620 0.000471
624 0.000430
628 0.000396
632 0.000363
636 0.000330
640 0.000302
644 0.000272
648 0.000246
652 0.000221
656 0.000199
660 0.000173
664 0.000154
668 0.000140
672 0.000128
676 0.000114
680 0.000102
684 0.000094
688 0.000084
692 0.000075
696 0.000064
700 0.000054
704 0.000048
708 0.000043
712 0.000036
716 0.000033
720 0.000030
724 0.000026
728 0.000023
732 0.000020
736 0.000017
740 0.000015
744 0.000012
748 0.000014
752 0.000014
756 0.000010
760 0.000011
764 0.000008
768 0.000005
772 0.000013
776 0.000008
780 0.000008
