380 0.000000
384 0.000000
388 0.000000
392 0.000000
396 0.000000
400 0.000000
404 0.000000
408 0.000000
412 0.000000
416 0.000003
420 0.000004
424 0.000009
428 0.000014
432 0.000023
436 0.000035
440 0.000051
444 0.000067
448 0.000072
452 0.000064
456 0.000051
460 0.000036
464 0.000027
468 0.000020
472 0.000017
476 0.000013
480 0.000012
484 0.000011
488 0.000012
492 0.000012
496 0.000014
500 0.000015
504 0.000019
508 0.000022
512 0.000025
516 0.000027
520 0.000030
524 0.000033
528 0.000035
532 0.000036
536 0.000037
540 0.000037
544 0.000037
548 0.000036
552 0.000036
556 0.000036
560 0.000037
564 0.000038
568 0.000041
572 0.000049
576 0.000073
580 0.000115
584 0.000167
588 0.000205
592 0.000226
596 0.000233
600 0.000232
604 0.000223
608 0.000211
612 0.000196
616 0.000181
620 0.000168
624 0.000153
628 0.000141
632 0.000131
636 0.000121
640 0.000111
644 0.000101
648 0.000090
652 0.000081
656 0.000073
660 0.000065
664 0.000058
668 0.000053
672 0.000048
676 0.000043
680 0.000037
684 0.000035
688 0.000032
692 0.000028
696 0.000023
700 0.000020
704 0.000017
708 0.000016
712 0.000013
716 0.000011
720 0.000009
724 0.000009
728 0.000009
732 0.000009
736 0.000006
740 0.000005
744 0.000005
748 0.000001
752 0.000002
756 0.000005
760 0.000006
764 0.000006
768 0.000004
772 0.000003
776 0.000000
780 0.000001
