380 0.000017
384 0.000009
388 0.000002
392 0.000018
396 0.000003
400 0.000004
404 0.000001
408 0.000002
412 0.000006
416 0.000011
420 0.000032
424 0.000042
428 0.000071
432 0.000122
436 0.000189
440 0.000268
444 0.000350
448 0.000368
452 0.000312
456 0.000221
460 0.000147
464 0.000102
468 0.000070
472 0.000052
476 0.000041
480 0.000031
484 0.000025
488 0.000022
492 0.000020
496 0.000020
500 0.000020
504 0.000029
508 0.000031
512 0.000035
516 0.000046
520 0.000063
524 0.000076
528 0.000081
532 0.000081
536 0.000067
540 0.000060
544 0.000054
548 0.000053
552 0.000050
556 0.000049
560 0.000055
564 0.000067
568 0.000106
572 0.000256
576 0.000660
580 0.001380
584 0.002280
588 0.002931
592 0.003280
596 0.003417
600 0.003405
604 0.003280
608 0.003082
612 0.002850
616 0.002639
620 0.002422
624 0.002194
628 0.002022
632 0.001855
636 0.001685
640 0.001532
644 0.001385
648 0.001250
652 0.001115
656 0.000998
660 0.000873
664 0.000777
668 0.000708
672 0.000649
676 0.000585
680 0.000515
684 0.000468
688 0.000427
692 0.000385
696 0.000321
700 0.000276
704 0.000239
708 0.000215
712 0.000189
716 0.000161
720 0.000144
724 0.000134
728 0.000109
732 0.000097
736 0.000100
740 0.000085
744 0.000076
748 0.000071
752 0.000070
756 0.000042
760 0.000050
764 0.000040
768 0.000035
772 0.000042
776 0.000035
780 0.000012
