380 0.000006
384 0.000002
388 0.000000
392 0.000000
396 0.000000
400 0.000001
404 0.000003
408 0.000006
412 0.000004
416 0.000005
420 0.000014
424 0.000025
428 0.000041
432 0.000064
436 0.000100
440 0.000145
444 0.000188
448 0.000196
452 0.000170
456 0.000124
460 0.000083
464 0.000057
468 0.000043
472 0.000032
476 0.000024
480 0.000020
484 0.000017
488 0.000015
492 0.000016
496 0.000019
500 0.000019
504 0.000021
508 0.000023
512 0.000031
516 0.000035
520 0.000045
524 0.000052
528 0.000056
532 0.000057
536 0.000053
540 0.000048
544 0.000044
548 0.000042
552 0.000042
556 0.000044
560 0.000045
564 0.000051
568 0.000069
572 0.000138
576 0.000328
580 0.000664
584 0.001081
588 0.001384
592 0.001551
596 0.001615
600 0.001605
604 0.001544
608 0.001453
612 0.001346
616 0.001247
620 0.001143
624 0.001037
628 0.000954
632 0.000874
636 0.000795
640 0.000724
644 0.000659
648 0.000591
652 0.000529
656 0.000476
660 0.000415
664 0.000370
668 0.000335
672 0.000307
676 0.000273
680 0.000244
684 0.000222
688 0.000203
692 0.000179
696 0.000153
700 0.000133
704 0.000117
708 0.000101
712 0.000084
716 0.000076
720 0.000072
724 0.000065
728 0.000053
732 0.000043
736 0.000039
740 0.000040
744 0.000036
748 0.000034
752 0.000032
756 0.000026
760 0.000023
764 0.000023
768 0.000023
772 0.000024
776 0.000023
780 0.000009
