380 0.000042
384 0.000037
388 0.000023
392 0.000008
396 0.000034
400 0.000030
404 0.000025
408 0.000026
412 0.000039
416 0.000075
420 0.000170
424 0.000386
428 0.000792
432 0.001567
436 0.002946
440 0.005203
444 0.008363
448 0.010780
452 0.010880
456 0.009129
460 0.006956
464 0.005332
468 0.004164
472 0.003296
476 0.002713
480 0.002341
484 0.002008
488 0.001752
492 0.001667
496 0.001765
500 0.002048
504 0.002442
508 0.002885
512 0.003344
516 0.003787
520 0.004291
524 0.004734
528 0.005163
532 0.005531
536 0.005743
540 0.005816
544 0.005727
548 0.005606
552 0.005505
556 0.005362
560 0.005178
564 0.004860
568 0.004544
572 0.004304
576 0.004277
580 0.004564
584 0.005004
588 0.005207
592 0.005155
596 0.004911
600 0.004519
604 0.004037
608 0.003584
612 0.003176
616 0.002840
620 0.002533
624 0.002272
628 0.002079
632 0.001892
636 0.001708
640 0.001563
644 0.001421
648 0.001258
652 0.001125
656 0.001016
660 0.000892
664 0.000792
668 0.000733
672 0.000670
676 0.000590
680 0.000538
684 0.000507
688 0.000466
692 0.000414
696 0.000367
700 0.000325
704 0.000279
708 0.000231
712 0.000214
716 0.000198
720 0.000149
724 0.000122
728 0.000142
732 0.000138
736 0.000123
740 0.000139
744 0.000140
748 0.000099
752 0.000091
756 0.000055
760 0.000064
764 0.000056
768 0.000080
772 0.000135
776 0.000057
780 0.000071
