380 0.000014
384 0.000047
388 0.000029
392 0.000042
396 0.000007
400 0.000016
404 0.000013
408 0.000031
412 0.000041
416 0.000069
420 0.000159
424 0.000387
428 0.000805
432 0.001567
436 0.002952
440 0.005228
444 0.008372
448 0.010800
452 0.010910
456 0.009144
460 0.006960
464 0.005334
468 0.004182
472 0.003310
476 0.002715
480 0.002339
484 0.001999
488 0.001749
492 0.001664
496 0.001757
500 0.002049
504 0.002434
508 0.002875
512 0.003336
516 0.003802
520 0.004291
524 0.004739
528 0.005170
532 0.005533
536 0.005738
540 0.005818
544 0.005724
548 0.005615
552 0.005508
556 0.005364
560 0.005181
564 0.004874
568 0.004546
572 0.004303
576 0.004279
580 0.004572
584 0.005015
588 0.005225
592 0.005173
596 0.004923
600 0.004535
604 0.004045
608 0.003593
612 0.003181
616 0.002846
620 0.002546
624 0.002275
628 0.002084
632 0.001899
636 0.001712
640 0.001554
644 0.001405
648 0.001255
652 0.001128
656 0.001015
660 0.000885
664 0.000796
668 0.000720
672 0.000662
676 0.000605
680 0.000559
684 0.000505
688 0.000454
692 0.000420
696 0.000367
700 0.000329
704 0.000307
708 0.000281
712 0.000246
716 0.000206
720 0.000176
724 0.000167
728 0.000127
732 0.000143
736 0.000113
740 0.000116
744 0.000086
748 0.000071
752 0.000112
756 0.000095
760 0.000101
764 0.000090
768 0.000029
772 0.000038
776 0.000054
780 0.000102
