380 0.000000
384 0.000000
388 0.000000
392 0.000000
396 0.000000
400 0.000000
404 0.000000
408 0.000000
412 0.000002
416 0.000001
420 0.000003
424 0.000007
428 0.000011
432 0.000018
436 0.000028
440 0.000039
444 0.000051
448 0.000056
452 0.000051
456 0.000040
460 0.000030
464 0.000023
468 0.000018
472 0.000015
476 0.000013
480 0.000012
484 0.000012
488 0.000012
492 0.000013
496 0.000014
500 0.000018
504 0.000020
508 0.000023
512 0.000026
516 0.000029
520 0.000032
524 0.000034
528 0.000037
532 0.000040
536 0.000042
540 0.000043
544 0.000043
548 0.000043
552 0.000043
556 0.000043
560 0.000043
564 0.000044
568 0.000044
572 0.000043
576 0.000043
580 0.000044
584 0.000046
588 0.000046
592 0.000046
596 0.000045
600 0.000044
604 0.000043
608 0.000040
612 0.000038
616 0.000037
620 0.000035
624 0.000032
628 0.000031
632 0.000030
636 0.000028
640 0.000027
644 0.000024
648 0.000022
652 0.000019
656 0.000018
660 0.000016
664 0.000014
668 0.000014
672 0.000013
676 0.000011
680 0.000009
684 0.000007
688 0.000007
692 0.000006
696 0.000005
700 0.000005
704 0.000003
708 0.000004
712 0.000004
716 0.000005
720 0.000002
724 0.000000
728 0.000000
732 0.000001
736 0.000002
740 0.000000
744 0.000000
748 0.000001
752 0.000003
756 0.000000
760 0.000000
764 0.000002
768 0.000001
772 0.000005
776 0.000006
780 0.000004
