380 0.000000
384 0.000000
388 0.000002
392 0.000000
396 0.000000
400 0.000000
404 0.000000
408 0.000001
412 0.000002
416 0.000002
420 0.000004
424 0.000008
428 0.000014
432 0.000021
436 0.000034
440 0.000056
444 0.000082
448 0.000096
452 0.000087
456 0.000068
460 0.000051
464 0.000045
468 0.000047
472 0.000055
476 0.000060
480 0.000063
484 0.000061
488 0.000059
492 0.000060
496 0.000068
500 0.000082
504 0.000101
508 0.000123
512 0.000146
516 0.000171
520 0.000200
524 0.000228
528 0.000259
532 0.000288
536 0.000310
540 0.000327
544 0.000336
548 0.000340
552 0.000344
556 0.000344
560 0.000339
564 0.000326
568 0.000308
572 0.000286
576 0.000262
580 0.000241
584 0.000216
588 0.000192
592 0.000170
596 0.000146
600 0.000122
604 0.000098
608 0.000079
612 0.000065
616 0.000056
620 0.000048
624 0.000043
628 0.000039
632 0.000036
636 0.000032
640 0.000031
644 0.000027
648 0.000025
652 0.000023
656 0.000020
660 0.000017
664 0.000015
668 0.000014
672 0.000014
676 0.000013
680 0.000012
684 0.000011
688 0.000009
692 0.000009
696 0.000008
700 0.000009
704 0.000007
708 0.000006
712 0.000006
716 0.000005
720 0.000003
724 0.000002
728 0.000004
732 0.000003
736 0.000004
740 0.000006
744 0.000005
748 0.000003
752 0.000001
756 0.000001
760 0.000002
764 0.000001
768 0.000000
772 0.000002
776 0.000003
780 0.000001
