380 0.000003
384 0.000001
388 0.000001
392 0.000003
396 0.000001
400 0.000002
404 0.000003
408 0.000001
412 0.000000
416 0.000002
420 0.000006
424 0.000011
428 0.000018
432 0.000030
436 0.000054
440 0.000104
444 0.000181
448 0.000228
452 0.000209
456 0.000158
460 0.000122
464 0.000118
468 0.000141
472 0.000184
476 0.000217
480 0.000230
484 0.000224
488 0.000213
492 0.000215
496 0.000243
500 0.000293
504 0.000361
508 0.000442
512 0.000533
516 0.000632
520 0.000746
524 0.000856
528 0.000976
532 0.001093
536 0.001184
540 0.001251
544 0.001288
548 0.001306
552 0.001322
556 0.001321
560 0.001298
564 0.001241
568 0.001165
572 0.001075
576 0.000976
580 0.000876
584 0.000770
588 0.000664
592 0.000564
596 0.000465
600 0.000369
604 0.000274
608 0.000202
612 0.000152
616 0.000116
620 0.000093
624 0.000075
628 0.000063
632 0.000055
636 0.000049
640 0.000044
644 0.000039
648 0.000034
652 0.000029
656 0.000025
660 0.000025
664 0.000024
668 0.000021
672 0.000021
676 0.000020
680 0.000021
684 0.000021
688 0.000023
692 0.000018
696 0.000020
700 0.000017
704 0.000016
708 0.000018
712 0.000015
716 0.000013
720 0.000012
724 0.000013
728 0.000010
732 0.000011
736 0.000012
740 0.000010
744 0.000002
748 0.000007
752 0.000003
756 0.000009
760 0.000016
764 0.000016
768 0.000014
772 0.000014
776 0.000015
780 0.000019
