380 0.000008
384 0.000023
388 0.000021
392 0.000018
396 0.000001
400 0.000002
404 0.000006
408 0.000009
412 0.000003
416 0.000007
420 0.000010
424 0.000017
428 0.000026
432 0.000052
436 0.000102
440 0.000214
444 0.000387
448 0.000501
452 0.000458
456 0.000345
460 0.000265
464 0.000264
468 0.000333
472 0.000447
476 0.000529
480 0.000569
484 0.000557
488 0.000528
492 0.000530
496 0.000592
500 0.000721
504 0.000889
508 0.001094
512 0.001324
516 0.001567
520 0.001856
524 0.002132
528 0.002431
532 0.002724
536 0.002949
540 0.003117
544 0.003207
548 0.003254
552 0.003298
556 0.003289
560 0.003234
564 0.003087
568 0.002895
572 0.002666
576 0.002411
580 0.002157
584 0.001888
588 0.001620
592 0.001364
596 0.001113
600 0.000873
604 0.000631
608 0.000451
612 0.000323
616 0.000238
620 0.000183
624 0.000142
628 0.000115
632 0.000097
636 0.000083
640 0.000070
644 0.000064
648 0.000054
652 0.000044
656 0.000040
660 0.000042
664 0.000037
668 0.000043
672 0.000040
676 0.000039
680 0.000041
684 0.000039
688 0.000038
692 0.000033
696 0.000037
700 0.000034
704 0.000029
708 0.000026
712 0.000027
716 0.000028
720 0.000031
724 0.000022
728 0.000016
732 0.000010
736 0.000008
740 0.000020
744 0.000028
748 0.000017
752 0.000009
756 0.000010
760 0.000009
764 0.000005
768 0.000017
772 0.000024
776 0.000020
780 0.000025
