380 0.000000
384 0.000000
388 0.000000
392 0.000000
396 0.000000
400 0.000000
404 0.000000
408 0.000000
412 0.000000
416 0.000002
420 0.000005
424 0.000008
428 0.000012
432 0.000019
436 0.000029
440 0.000043
444 0.000060
448 0.000069
452 0.000064
456 0.000052
460 0.000039
464 0.000030
468 0.000024
472 0.000019
476 0.000015
480 0.000014
484 0.000013
488 0.000013
492 0.000014
496 0.000015
500 0.000018
504 0.000022
508 0.000025
512 0.000029
516 0.000031
520 0.000034
524 0.000036
528 0.000040
532 0.000042
536 0.000043
540 0.000043
544 0.000044
548 0.000044
552 0.000044
556 0.000044
560 0.000045
564 0.000044
568 0.000044
572 0.000043
576 0.000044
580 0.000045
584 0.000049
588 0.000051
592 0.000051
596 0.000051
600 0.000049
604 0.000047
608 0.000044
612 0.000042
616 0.000039
620 0.000038
624 0.000035
628 0.000034
632 0.000032
636 0.000030
640 0.000028
644 0.000024
648 0.000023
652 0.000021
656 0.000018
660 0.000017
664 0.000015
668 0.000014
672 0.000014
676 0.000012
680 0.000011
684 0.000010
688 0.000007
692 0.000007
696 0.000004
700 0.000006
704 0.000006
708 0.000005
712 0.000002
716 0.000002
720 0.000000
724 0.000000
728 0.000001
732 0.000001
736 0.000000
740 0.000003
744 0.000001
748 0.000000
752 0.000002
756 0.000000
760 0.000001
764 0.000001
768 0.000001
772 0.000001
776 0.000002
780 0.000001
