380 0.000013
384 0.000004
388 0.000001
392 0.000000
396 0.000001
400 0.000004
404 0.000002
408 0.000002
412 0.000007
416 0.000009
420 0.000026
424 0.000057
428 0.000119
432 0.000231
436 0.000428
440 0.000748
444 0.001196
448 0.001547
452 0.001573
456 0.001327
460 0.001014
464 0.000780
468 0.000611
472 0.000487
476 0.000401
480 0.000349
484 0.000302
488 0.000264
492 0.000251
496 0.000266
500 0.000309
504 0.000367
508 0.000434
512 0.000505
516 0.000576
520 0.000653
524 0.000720
528 0.000788
532 0.000846
536 0.000879
540 0.000895
544 0.000882
548 0.000865
552 0.000852
556 0.000831
560 0.000805
564 0.000761
568 0.000713
572 0.000676
576 0.000669
580 0.000706
584 0.000767
588 0.000793
592 0.000786
596 0.000750
600 0.000691
604 0.000620
608 0.000551
612 0.000489
616 0.000439
620 0.000394
624 0.000352
628 0.000323
632 0.000296
636 0.000268
640 0.000244
644 0.000220
648 0.000199
652 0.000179
656 0.000160
660 0.000142
664 0.000126
668 0.000116
672 0.000106
676 0.000097
680 0.000087
684 0.000077
688 0.000072
692 0.000064
696 0.000056
700 0.000055
704 0.000045
708 0.000039
712 0.000035
716 0.000033
720 0.000029
724 0.000025
728 0.000024
732 0.000020
736 0.000019
740 0.000019
744 0.000017
748 0.000011
752 0.000013
756 0.000018
760 0.000015
764 0.000018
768 0.000007
772 0.000003
776 0.000008
780 0.000010
