380 0.000000
384 0.000001
388 0.000000
392 0.000000
396 0.000000
400 0.000000
404 0.000000
408 0.000000
412 0.000001
416 0.000002
420 0.000003
424 0.000008
428 0.000015
432 0.000025
436 0.000044
440 0.000071
444 0.000102
448 0.000125
452 0.000121
456 0.000101
460 0.000077
464 0.000058
468 0.000046
472 0.000037
476 0.000031
480 0.000027
484 0.000024
488 0.000023
492 0.000023
496 0.000025
500 0.000029
504 0.000035
508 0.000041
512 0.000046
516 0.000051
520 0.000058
524 0.000063
528 0.000068
532 0.000073
536 0.000077
540 0.000077
544 0.000076
548 0.000075
552 0.000075
556 0.000075
560 0.000073
564 0.000071
568 0.000069
572 0.000067
576 0.000068
580 0.000072
584 0.000076
588 0.000079
592 0.000079
596 0.000077
600 0.000075
604 0.000070
608 0.000065
612 0.000060
616 0.000056
620 0.000052
624 0.000049
628 0.000045
632 0.000042
636 0.000039
640 0.000037
644 0.000033
648 0.000030
652 0.000027
656 0.000026
660 0.000021
664 0.000020
668 0.000018
672 0.000017
676 0.000014
680 0.000013
684 0.000012
688 0.000011
692 0.000009
696 0.000009
700 0.000008
704 0.000005
708 0.000005
712 0.000004
716 0.000003
720 0.000003
724 0.000003
728 0.000003
732 0.000002
736 0.000001
740 0.000001
744 0.000000
748 0.000000
752 0.000005
756 0.000003
760 0.000005
764 0.000002
768 0.000003
772 0.000000
776 0.000001
780 0.000001
