380 0.000015
384 0.000009
388 0.000002
392 0.000015
396 0.000012
400 0.000016
404 0.000006
408 0.000013
412 0.000020
416 0.000038
420 0.000084
424 0.000180
428 0.000388
432 0.000757
436 0.001416
440 0.002494
444 0.004024
448 0.005230
452 0.005329
456 0.004502
460 0.003441
464 0.002643
468 0.002072
472 0.001648
476 0.001350
480 0.001166
484 0.000998
488 0.000873
492 0.000824
496 0.000875
500 0.001010
504 0.001198
508 0.001420
512 0.001649
516 0.001879
520 0.002125
524 0.002346
528 0.002562
532 0.002747
536 0.002857
540 0.002890
544 0.002846
548 0.002788
552 0.002741
556 0.002669
560 0.002580
564 0.002433
568 0.002268
572 0.002152
576 0.002135
580 0.002274
584 0.002484
588 0.002596
592 0.002581
596 0.002461
600 0.002263
604 0.002014
608 0.001798
612 0.001594
616 0.001425
620 0.001276
624 0.001145
628 0.001041
632 0.000947
636 0.000857
640 0.000786
644 0.000710
648 0.000642
652 0.000573
656 0.000511
660 0.000441
664 0.000399
668 0.000367
672 0.000338
676 0.000312
680 0.000279
684 0.000255
688 0.000227
692 0.000205
696 0.000171
700 0.000158
704 0.000137
708 0.000132
712 0.000111
716 0.000100
720 0.000086
724 0.000083
728 0.000081
732 0.000063
736 0.000048
740 0.000043
744 0.000043
748 0.000052
752 0.000043
756 0.000043
760 0.000031
764 0.000047
768 0.000081
772 0.000048
776 0.000015
780 0.000004
