380 0.000008
384 0.000006
388 0.000003
392 0.000002
396 0.000003
400 0.000004
404 0.000002
408 0.000005
412 0.000007
416 0.000011
420 0.000034
424 0.000074
428 0.000161
432 0.000312
436 0.000582
440 0.001017
444 0.001634
448 0.002117
452 0.002157
456 0.001820
460 0.001392
464 0.001069
468 0.000839
472 0.000667
476 0.000552
480 0.000478
484 0.000411
488 0.000359
492 0.000342
496 0.000363
500 0.000422
504 0.000502
508 0.000594
512 0.000690
516 0.000785
520 0.000890
524 0.000982
528 0.001073
532 0.001153
536 0.001201
540 0.001219
544 0.001202
548 0.001177
552 0.001158
556 0.001131
560 0.001094
564 0.001030
568 0.000966
572 0.000917
576 0.000909
580 0.000961
584 0.001042
588 0.001082
592 0.001073
596 0.001019
600 0.000938
604 0.000841
608 0.000748
612 0.000665
616 0.000596
620 0.000532
624 0.000477
628 0.000435
632 0.000398
636 0.000360
640 0.000329
644 0.000298
648 0.000268
652 0.000237
656 0.000212
660 0.000190
664 0.000167
668 0.000151
672 0.000140
676 0.000130
680 0.000121
684 0.000107
688 0.000098
692 0.000088
696 0.000078
700 0.000074
704 0.000065
708 0.000058
712 0.000045
716 0.000040
720 0.000035
724 0.000033
728 0.000027
732 0.000028
736 0.000023
740 0.000022
744 0.000020
748 0.000023
752 0.000012
756 0.000013
760 0.000021
764 0.000017
768 0.000009
772 0.000019
776 0.000024
780 0.000023
