380 0.000001
384 0.000000
388 0.000000
392 0.000000
396 0.000001
400 0.000001
404 0.000001
408 0.000001
412 0.000000
416 0.000001
420 0.000006
424 0.000013
428 0.000024
432 0.000042
436 0.000074
440 0.000123
444 0.000188
448 0.000235
452 0.000234
456 0.000196
460 0.000149
464 0.000114
468 0.000091
472 0.000072
476 0.000060
480 0.000053
484 0.000046
488 0.000042
492 0.000041
496 0.000044
500 0.000052
504 0.000061
508 0.000073
512 0.000084
516 0.000093
520 0.000105
524 0.000116
528 0.000127
532 0.000135
536 0.000141
540 0.000143
544 0.000142
548 0.000139
552 0.000138
556 0.000136
560 0.000133
564 0.000128
568 0.000122
572 0.000118
576 0.000118
580 0.000123
584 0.000134
588 0.000138
592 0.000138
596 0.000132
600 0.000124
604 0.000114
608 0.000104
612 0.000095
616 0.000087
620 0.000080
624 0.000073
628 0.000067
632 0.000062
636 0.000057
640 0.000054
644 0.000049
648 0.000044
652 0.000039
656 0.000035
660 0.000032
664 0.000029
668 0.000027
672 0.000023
676 0.000020
680 0.000019
684 0.000018
688 0.000017
692 0.000014
696 0.000012
700 0.000010
704 0.000007
708 0.000007
712 0.000009
716 0.000007
720 0.000006
724 0.000005
728 0.000003
732 0.000003
736 0.000004
740 0.000003
744 0.000003
748 0.000001
752 0.000000
756 0.000000
760 0.000001
764 0.000003
768 0.000002
772 0.000006
776 0.000006
780 0.000002
