380 0.000001
384 0.000000
388 0.000000
392 0.000000
396 0.000000
400 0.000000
404 0.000000
408 0.000001
412 0.000002
416 0.000004
420 0.000009
424 0.000018
428 0.000037
432 0.000070
436 0.000125
440 0.000214
444 0.000333
448 0.000424
452 0.000427
456 0.000358
460 0.000273
464 0.000210
468 0.000166
472 0.000132
476 0.000110
480 0.000095
484 0.000083
488 0.000074
492 0.000071
496 0.000076
500 0.000089
504 0.000105
508 0.000124
512 0.000144
516 0.000162
520 0.000183
524 0.000203
528 0.000221
532 0.000238
536 0.000247
540 0.000251
544 0.000247
548 0.000244
552 0.000242
556 0.000237
560 0.000229
564 0.000219
568 0.000207
572 0.000198
576 0.000196
580 0.000207
584 0.000222
588 0.000228
592 0.000228
596 0.000218
600 0.000203
604 0.000185
608 0.000166
612 0.000149
616 0.000136
620 0.000123
624 0.000111
628 0.000102
632 0.000095
636 0.000087
640 0.000080
644 0.000072
648 0.000065
652 0.000059
656 0.000054
660 0.000046
664 0.000041
668 0.000039
672 0.000035
676 0.000032
680 0.000028
684 0.000025
688 0.000024
692 0.000022
696 0.000020
700 0.000016
704 0.000015
708 0.000011
712 0.000008
716 0.000008
720 0.000006
724 0.000006
728 0.000005
732 0.000005
736 0.000003
740 0.000003
744 0.000004
748 0.000004
752 0.000001
756 0.000001
760 0.000005
764 0.000010
768 0.000007
772 0.000005
776 0.000002
780 0.000008
