380 0.000003
384 0.000008
388 0.000001
392 0.000004
396 0.000007
400 0.000010
404 0.000010
408 0.000004
412 0.000007
416 0.000020
420 0.000043
424 0.000104
428 0.000216
432 0.000411
436 0.000768
440 0.001353
444 0.002171
448 0.002815
452 0.002865
456 0.002423
460 0.001854
464 0.001425
468 0.001117
472 0.000883
476 0.000725
480 0.000629
484 0.000542
488 0.000474
492 0.000447
496 0.000474
500 0.000553
504 0.000658
508 0.000775
512 0.000901
516 0.001023
520 0.001162
524 0.001283
528 0.001404
532 0.001507
536 0.001566
540 0.001590
544 0.001567
548 0.001533
552 0.001510
556 0.001470
560 0.001421
564 0.001338
568 0.001254
572 0.001187
576 0.001177
580 0.001251
584 0.001358
588 0.001410
592 0.001400
596 0.001333
600 0.001229
604 0.001095
608 0.000973
612 0.000863
616 0.000775
620 0.000696
624 0.000617
628 0.000565
632 0.000514
636 0.000466
640 0.000427
644 0.000385
648 0.000346
652 0.000309
656 0.000277
660 0.000245
664 0.000220
668 0.000199
672 0.000182
676 0.000166
680 0.000152
684 0.000141
688 0.000130
692 0.000115
696 0.000100
700 0.000089
704 0.000083
708 0.000072
712 0.000062
716 0.000057
720 0.000051
724 0.000048
728 0.000041
732 0.000038
736 0.000035
740 0.000037
744 0.000035
748 0.000021
752 0.000028
756 0.000031
760 0.000016
764 0.000012
768 0.000016
772 0.000024
776 0.000030
780 0.000035
