380 0.000000
384 0.000000
388 0.000000
392 0.000001
396 0.000001
400 0.000001
404 0.000000
408 0.000000
412 0.000000
416 0.000000
420 0.000000
424 0.000001
428 0.000001
432 0.000001
436 0.000001
440 0.000001
444 0.000002
448 0.000001
452 0.000002
456 0.000001
460 0.000000
464 0.000000
468 0.000000
472 0.000000
476 0.000000
480 0.000001
484 0.000001
488 0.000000
492 0.000001
496 0.000001
500 0.000001
504 0.000001
508 0.000002
512 0.000002
516 0.000003
520 0.000002
524 0.000002
528 0.000002
532 0.000002
536 0.000003
540 0.000003
544 0.000003
548 0.000003
552 0.000003
556 0.000004
560 0.000004
564 0.000003
568 0.000003
572 0.000004
576 0.000004
580 0.000004
584 0.000004
588 0.000004
592 0.000005
596 0.000005
600 0.000006
604 0.000005
608 0.000005
612 0.000005
616 0.000005
620 0.000005
624 0.000004
628 0.000005
632 0.000004
636 0.000005
640 0.000004
644 0.000004
648 0.000004
652 0.000004
656 0.000003
660 0.000004
664 0.000003
668 0.000003
672 0.000002
676 0.000001
680 0.000001
684 0.000001
688 0.000002
692 0.000001
696 0.000002
700 0.000000
704 0.000001
708 0.000000
712 0.000003
716 0.000004
720 0.000002
724 0.000002
728 0.000001
732 0.000003
736 0.000001
740 0.000004
744 0.000001
748 0.000000
752 0.000002
756 0.000001
760 0.000003
764 0.000001
768 0.000000
772 0.000000
776 0.000000
780 0.000001
