380 0.000002
384 0.000001
388 0.000002
392 0.000002
396 0.000001
400 0.000004
404 0.000002
408 0.000002
412 0.000006
416 0.000006
420 0.000013
424 0.000028
428 0.000048
432 0.000076
436 0.000114
440 0.000162
444 0.000214
448 0.000223
452 0.000191
456 0.000142
460 0.000096
464 0.000064
468 0.000046
472 0.000031
476 0.000028
480 0.000025
484 0.000019
488 0.000017
492 0.000017
496 0.000017
500 0.000023
504 0.000024
508 0.000027
512 0.000033
516 0.000037
520 0.000046
524 0.000053
528 0.000059
532 0.000061
536 0.000057
540 0.000051
544 0.000046
548 0.000044
552 0.000045
556 0.000044
560 0.000046
564 0.000052
568 0.000074
572 0.000157
576 0.000381
580 0.000780
584 0.001276
588 0.001636
592 0.001831
596 0.001907
600 0.001899
604 0.001825
608 0.001718
612 0.001592
616 0.001472
620 0.001348
624 0.001225
628 0.001128
632 0.001034
636 0.000938
640 0.000855
644 0.000771
648 0.000697
652 0.000621
656 0.000557
660 0.000491
664 0.000434
668 0.000398
672 0.000364
676 0.000324
680 0.000291
684 0.000266
688 0.000243
692 0.000212
696 0.000179
700 0.000155
704 0.000131
708 0.000119
712 0.000103
716 0.000090
720 0.000090
724 0.000075
728 0.000070
732 0.000057
736 0.000047
740 0.000041
744 0.000040
748 0.000040
752 0.000041
756 0.000033
760 0.000029
764 0.000023
768 0.000028
772 0.000019
776 0.000017
780 0.000021
