380 0.000008
384 0.000006
388 0.000002
392 0.000004
396 0.000006
400 0.000003
404 0.000004
408 0.000004
412 0.000004
416 0.000006
420 0.000016
424 0.000029
428 0.000051
432 0.000081
436 0.000127
440 0.000184
444 0.000238
448 0.000253
452 0.000215
456 0.000154
460 0.000102
464 0.000069
468 0.000051
472 0.000036
476 0.000028
480 0.000025
484 0.000022
488 0.000020
492 0.000020
496 0.000019
500 0.000023
504 0.000026
508 0.000029
512 0.000033
516 0.000043
520 0.000051
524 0.000058
528 0.000063
532 0.000064
536 0.000060
540 0.000054
544 0.000048
548 0.000044
552 0.000045
556 0.000048
560 0.000050
564 0.000056
568 0.000080
572 0.000177
576 0.000435
580 0.000899
584 0.001474
588 0.001893
592 0.002121
596 0.002210
600 0.002198
604 0.002115
608 0.001989
612 0.001839
616 0.001702
620 0.001561
624 0.001417
628 0.001306
632 0.001195
636 0.001083
640 0.000992
644 0.000898
648 0.000804
652 0.000721
656 0.000650
660 0.000569
664 0.000506
668 0.000459
672 0.000420
676 0.000377
680 0.000334
684 0.000306
688 0.000277
692 0.000245
696 0.000210
700 0.000182
704 0.000160
708 0.000141
712 0.000122
716 0.000109
720 0.000099
724 0.000086
728 0.000075
732 0.000074
736 0.000062
740 0.000052
744 0.000043
748 0.000044
752 0.000032
756 0.000037
760 0.000028
764 0.000025
768 0.000022
772 0.000014
776 0.000016
780 0.000028
