380 0.000000
384 0.000000
388 0.000000
392 0.000001
396 0.000000
400 0.000000
404 0.000000
408 0.000000
412 0.000000
416 0.000001
420 0.000003
424 0.000007
428 0.000013
432 0.000021
436 0.000032
440 0.000046
444 0.000060
448 0.000064
452 0.000058
456 0.000046
460 0.000034
464 0.000024
468 0.000018
472 0.000015
476 0.000012
480 0.000012
484 0.000011
488 0.000012
492 0.000011
496 0.000014
500 0.000016
504 0.000019
508 0.000021
512 0.000024
516 0.000026
520 0.000029
524 0.000031
528 0.000034
532 0.000035
536 0.000036
540 0.000036
544 0.000035
548 0.000036
552 0.000036
556 0.000036
560 0.000037
564 0.000037
568 0.000040
572 0.000045
576 0.000058
580 0.000083
584 0.000115
588 0.000138
592 0.000150
596 0.000156
600 0.000154
604 0.000148
608 0.000140
612 0.000130
616 0.000122
620 0.000113
624 0.000103
628 0.000096
632 0.000089
636 0.000082
640 0.000076
644 0.000068
648 0.000063
652 0.000056
656 0.000050
660 0.000045
664 0.000040
668 0.000037
672 0.000033
676 0.000029
680 0.000026
684 0.000024
688 0.000022
692 0.000018
696 0.000016
700 0.000013
704 0.000012
708 0.000011
712 0.000009
716 0.000007
720 0.000009
724 0.000007
728 0.000007
732 0.000005
736 0.000006
740 0.000003
744 0.000001
748 0.000002
752 0.000003
756 0.000000
760 0.000002
764 0.000004
768 0.000001
772 0.000001
776 0.000005
780 0.000013
