380 0.000002
384 0.000005
388 0.000004
392 0.000005
396 0.000002
400 0.000003
404 0.000002
408 0.000002
412 0.000004
416 0.000006
420 0.000010
424 0.000020
428 0.000037
432 0.000058
436 0.000088
440 0.000126
444 0.000164
448 0.000172
452 0.000149
456 0.000109
460 0.000073
464 0.000052
468 0.000038
472 0.000028
476 0.000021
480 0.000019
484 0.000017
488 0.000016
492 0.000015
496 0.000017
500 0.000019
504 0.000021
508 0.000027
512 0.000031
516 0.000035
520 0.000041
524 0.000047
528 0.000051
532 0.000051
536 0.000052
540 0.000047
544 0.000044
548 0.000042
552 0.000041
556 0.000042
560 0.000045
564 0.000050
568 0.000065
572 0.000121
576 0.000278
580 0.000557
584 0.000903
588 0.001154
592 0.001293
596 0.001346
600 0.001338
604 0.001289
608 0.001213
612 0.001122
616 0.001038
620 0.000951
624 0.000864
628 0.000797
632 0.000729
636 0.000663
640 0.000604
644 0.000547
648 0.000494
652 0.000441
656 0.000396
660 0.000347
664 0.000310
668 0.000280
672 0.000257
676 0.000230
680 0.000205
684 0.000185
688 0.000169
692 0.000147
696 0.000129
700 0.000112
704 0.000096
708 0.000083
712 0.000076
716 0.000063
720 0.000056
724 0.000050
728 0.000048
732 0.000039
736 0.000039
740 0.000037
744 0.000029
748 0.000027
752 0.000024
756 0.000024
760 0.000023
764 0.000015
768 0.000014
772 0.000017
776 0.000016
780 0.000019
