380 0.000000
384 0.000000
388 0.000001
392 0.000000
396 0.000000
400 0.000000
404 0.000000
408 0.000000
412 0.000002
416 0.000004
420 0.000003
424 0.000006
428 0.000011
432 0.000019
436 0.000030
440 0.000043
444 0.000056
448 0.000061
452 0.000053
456 0.000042
460 0.000031
464 0.000023
468 0.000018
472 0.000015
476 0.000013
480 0.000012
484 0.000011
488 0.000010
492 0.000011
496 0.000013
500 0.000016
504 0.000018
508 0.000022
512 0.000025
516 0.000026
520 0.000029
524 0.000031
528 0.000033
532 0.000035
536 0.000036
540 0.000036
544 0.000035
548 0.000036
552 0.000036
556 0.000036
560 0.000036
564 0.000037
568 0.000037
572 0.000041
576 0.000049
580 0.000063
584 0.000079
588 0.000092
592 0.000098
596 0.000101
600 0.000100
604 0.000095
608 0.000090
612 0.000085
616 0.000081
620 0.000074
624 0.000069
628 0.000065
632 0.000061
636 0.000057
640 0.000052
644 0.000048
648 0.000043
652 0.000039
656 0.000035
660 0.000030
664 0.000028
668 0.000026
672 0.000023
676 0.000021
680 0.000020
684 0.000017
688 0.000014
692 0.000013
696 0.000010
700 0.000009
704 0.000009
708 0.000009
712 0.000007
716 0.000005
720 0.000004
724 0.000003
728 0.000003
732 0.000005
736 0.000005
740 0.000004
744 0.000000
748 0.000000
752 0.000005
756 0.000003
760 0.000000
764 0.000000
768 0.000004
772 0.000006
776 0.000002
780 0.000004
