380 0.000003
384 0.000004
388 0.000000
392 0.000000
396 0.000000
400 0.000000
404 0.000001
408 0.000003
412 0.000003
416 0.000006
420 0.000008
424 0.000015
428 0.000028
432 0.000044
436 0.000065
440 0.000094
444 0.000120
448 0.000129
452 0.000112
456 0.000084
460 0.000058
464 0.000040
468 0.000029
472 0.000022
476 0.000018
480 0.000016
484 0.000014
488 0.000014
492 0.000014
496 0.000016
500 0.000017
504 0.000021
508 0.000025
512 0.000027
516 0.000031
520 0.000036
524 0.000041
528 0.000045
532 0.000046
536 0.000045
540 0.000043
544 0.000040
548 0.000040
552 0.000040
556 0.000040
560 0.000041
564 0.000045
568 0.000056
572 0.000092
576 0.000190
580 0.000365
584 0.000585
588 0.000745
592 0.000832
596 0.000864
600 0.000859
604 0.000828
608 0.000779
612 0.000721
616 0.000668
620 0.000613
624 0.000558
628 0.000513
632 0.000471
636 0.000429
640 0.000393
644 0.000355
648 0.000318
652 0.000286
656 0.000258
660 0.000224
664 0.000199
668 0.000180
672 0.000166
676 0.000149
680 0.000133
684 0.000119
688 0.000108
692 0.000095
696 0.000081
700 0.000070
704 0.000063
708 0.000055
712 0.000047
716 0.000042
720 0.000039
724 0.000035
728 0.000031
732 0.000024
736 0.000023
740 0.000023
744 0.000020
748 0.000016
752 0.000014
756 0.000015
760 0.000014
764 0.000013
768 0.000006
772 0.000007
776 0.000010
780 0.000016
