380 0.000000
384 0.000001
388 0.000000
392 0.000000
396 0.000000
400 0.000000
404 0.000000
408 0.000000
412 0.000001
416 0.000001
420 0.000003
424 0.000007
428 0.000011
432 0.000018
436 0.000028
440 0.000041
444 0.000053
448 0.000058
452 0.000052
456 0.000041
460 0.000030
464 0.000022
468 0.000016
472 0.000014
476 0.000011
480 0.000011
484 0.000011
488 0.000011
492 0.000011
496 0.000013
500 0.000016
504 0.000019
508 0.000022
512 0.000024
516 0.000025
520 0.000029
524 0.000031
528 0.000033
532 0.000034
536 0.000035
540 0.000036
544 0.000035
548 0.000034
552 0.000035
556 0.000037
560 0.000037
564 0.000036
568 0.000038
572 0.000039
576 0.000041
580 0.000048
584 0.000057
588 0.000063
592 0.000065
596 0.000066
600 0.000066
604 0.000063
608 0.000060
612 0.000057
616 0.000053
620 0.000050
624 0.000048
628 0.000044
632 0.000042
636 0.000038
640 0.000036
644 0.000034
648 0.000031
652 0.000028
656 0.000024
660 0.000022
664 0.000020
668 0.000018
672 0.000016
676 0.000014
680 0.000013
684 0.000012
688 0.000011
692 0.000009
696 0.000007
700 0.000007
704 0.000006
708 0.000004
712 0.000002
716 0.000004
720 0.000003
724 0.000004
728 0.000003
732 0.000003
736 0.000001
740 0.000002
744 0.000002
748 0.000000
752 0.000000
756 0.000003
760 0.000004
764 0.000004
768 0.000006
772 0.000006
776 0.000004
780 0.000010
