380 0.000001
384 0.000003
388 0.000000
392 0.000000
396 0.000001
400 0.000001
404 0.000001
408 0.000000
412 0.000001
416 0.000002
420 0.000005
424 0.000011
428 0.000017
432 0.000026
436 0.000041
440 0.000060
444 0.000077
448 0.000082
452 0.000073
456 0.000056
460 0.000040
464 0.000029
468 0.000022
472 0.000017
476 0.000014
480 0.000013
484 0.000012
488 0.000012
492 0.000012
496 0.000014
500 0.000017
504 0.000019
508 0.000022
512 0.000025
516 0.000028
520 0.000031
524 0.000034
528 0.000036
532 0.000038
536 0.000039
540 0.000037
544 0.000037
548 0.000036
552 0.000036
556 0.000037
560 0.000038
564 0.000039
568 0.000043
572 0.000057
576 0.000094
580 0.000162
584 0.000244
588 0.000304
592 0.000337
596 0.000349
600 0.000346
604 0.000333
608 0.000315
612 0.000292
616 0.000271
620 0.000250
624 0.000227
628 0.000210
632 0.000193
636 0.000176
640 0.000162
644 0.000148
648 0.000132
652 0.000119
656 0.000107
660 0.000093
664 0.000083
668 0.000076
672 0.000068
676 0.000061
680 0.000056
684 0.000051
688 0.000046
692 0.000039
696 0.000034
700 0.000030
704 0.000028
708 0.000023
712 0.000020
716 0.000018
720 0.000014
724 0.000012
728 0.000013
732 0.000011
736 0.000009
740 0.000007
744 0.000008
748 0.000007
752 0.000008
756 0.000006
760 0.000008
764 0.000006
768 0.000007
772 0.000005
776 0.000005
780 0.000007
