380 0.000009
384 0.000005
388 0.000003
392 0.000002
396 0.000001
400 0.000003
404 0.000003
408 0.000004
412 0.000007
416 0.000011
420 0.000027
424 0.000058
428 0.000119
432 0.000228
436 0.000428
440 0.000753
444 0.001195
448 0.001512
452 0.001501
456 0.001249
460 0.000953
464 0.000734
468 0.000574
472 0.000456
476 0.000378
480 0.000329
484 0.000285
488 0.000249
492 0.000239
496 0.000257
500 0.000301
504 0.000359
508 0.000428
512 0.000499
516 0.000570
520 0.000646
524 0.000716
528 0.000784
532 0.000842
536 0.000877
540 0.000892
544 0.000883
548 0.000866
552 0.000853
556 0.000833
560 0.000807
564 0.000762
568 0.000715
572 0.000680
576 0.000677
580 0.000718
584 0.000780
588 0.000807
592 0.000798
596 0.000758
600 0.000698
604 0.000625
608 0.000557
612 0.000493
616 0.000443
620 0.000400
624 0.000356
628 0.000326
632 0.000297
636 0.000268
640 0.000248
644 0.000224
648 0.000202
652 0.000180
656 0.000162
660 0.000144
664 0.000127
668 0.000117
672 0.000108
676 0.000098
680 0.000090
684 0.000083
688 0.000073
692 0.000067
696 0.000060
700 0.000053
704 0.000047
708 0.000042
712 0.000035
716 0.000033
720 0.000032
724 0.000023
728 0.000019
732 0.000015
736 0.000016
740 0.000017
744 0.000018
748 0.000019
752 0.000017
756 0.000019
760 0.000021
764 0.000016
768 0.000005
772 0.000004
776 0.000008
780 0.000015
