380 0.000022
384 0.000009
388 0.000012
392 0.000007
396 0.000010
400 0.000008
404 0.000008
408 0.000010
412 0.000010
416 0.000023
420 0.000056
424 0.000127
428 0.000260
432 0.000511
436 0.000957
440 0.001695
444 0.002704
448 0.003436
452 0.003426
456 0.002854
460 0.002176
464 0.001672
468 0.001311
472 0.001042
476 0.000859
480 0.000745
484 0.000639
488 0.000559
492 0.000535
496 0.000570
500 0.000669
504 0.000802
508 0.000950
512 0.001106
516 0.001263
520 0.001433
524 0.001587
528 0.001739
532 0.001868
536 0.001943
540 0.001975
544 0.001950
548 0.001912
552 0.001879
556 0.001833
560 0.001773
564 0.001673
568 0.001564
572 0.001487
576 0.001479
580 0.001575
584 0.001715
588 0.001784
592 0.001768
596 0.001677
600 0.001542
604 0.001377
608 0.001224
612 0.001086
616 0.000972
620 0.000874
624 0.000779
628 0.000712
632 0.000649
636 0.000589
640 0.000536
644 0.000484
648 0.000436
652 0.000387
656 0.000349
660 0.000307
664 0.000274
668 0.000253
672 0.000233
676 0.000214
680 0.000188
684 0.000178
688 0.000163
692 0.000142
696 0.000126
700 0.000106
704 0.000095
708 0.000089
712 0.000082
716 0.000074
720 0.000063
724 0.000052
728 0.000045
732 0.000041
736 0.000044
740 0.000042
744 0.000048
748 0.000042
752 0.000035
756 0.000032
760 0.000037
764 0.000028
768 0.000014
772 0.000009
776 0.000026
780 0.000026
