380 0.000000
384 0.000000
388 0.000000
392 0.000000
396 0.000000
400 0.000000
404 0.000000
408 0.000000
412 0.000001
416 0.000002
420 0.000003
424 0.000007
428 0.000012
432 0.000020
436 0.000031
440 0.000046
444 0.000062
448 0.000068
452 0.000062
456 0.000049
460 0.000037
464 0.000028
468 0.000021
472 0.000018
476 0.000016
480 0.000014
484 0.000013
488 0.000013
492 0.000014
496 0.000015
500 0.000018
504 0.000021
508 0.000025
512 0.000029
516 0.000032
520 0.000034
524 0.000038
528 0.000040
532 0.000042
536 0.000044
540 0.000044
544 0.000044
548 0.000044
552 0.000045
556 0.000045
560 0.000045
564 0.000045
568 0.000044
572 0.000044
576 0.000045
580 0.000047
584 0.000050
588 0.000052
592 0.000052
596 0.000051
600 0.000051
604 0.000047
608 0.000045
612 0.000043
616 0.000041
620 0.000038
624 0.000035
628 0.000033
632 0.000032
636 0.000031
640 0.000029
644 0.000026
648 0.000024
652 0.000022
656 0.000020
660 0.000017
664 0.000015
668 0.000014
672 0.000014
676 0.000012
680 0.000011
684 0.000010
688 0.000010
692 0.000007
696 0.000006
700 0.000005
704 0.000004
708 0.000003
712 0.000004
716 0.000003
720 0.000003
724 0.000004
728 0.000002
732 0.000004
736 0.000002
740 0.000001
744 0.000001
748 0.000003
752 0.000002
756 0.000002
760 0.000004
764 0.000003
768 0.000005
772 0.000005
776 0.000002
780 0.000009
