380 0.000004
384 0.000002
388 0.000007
392 0.000004
396 0.000014
400 0.000007
404 0.000005
408 0.000009
412 0.000018
416 0.000029
420 0.000071
424 0.000160
428 0.000327
432 0.000628
436 0.001172
440 0.002073
444 0.003306
448 0.004212
452 0.004196
456 0.003493
460 0.002659
464 0.002045
468 0.001605
472 0.001276
476 0.001052
480 0.000908
484 0.000782
488 0.000686
492 0.000654
496 0.000700
500 0.000817
504 0.000976
508 0.001158
512 0.001352
516 0.001537
520 0.001747
524 0.001933
528 0.002117
532 0.002273
536 0.002364
540 0.002403
544 0.002371
548 0.002325
552 0.002291
556 0.002234
560 0.002156
564 0.002036
568 0.001905
572 0.001813
576 0.001807
580 0.001929
584 0.002111
588 0.002194
592 0.002177
596 0.002065
600 0.001908
604 0.001700
608 0.001508
612 0.001338
616 0.001207
620 0.001083
624 0.000965
628 0.000875
632 0.000802
636 0.000730
640 0.000658
644 0.000594
648 0.000530
652 0.000478
656 0.000426
660 0.000372
664 0.000340
668 0.000312
672 0.000293
676 0.000261
680 0.000239
684 0.000223
688 0.000201
692 0.000172
696 0.000147
700 0.000137
704 0.000126
708 0.000106
712 0.000102
716 0.000095
720 0.000091
724 0.000070
728 0.000065
732 0.000060
736 0.000052
740 0.000051
744 0.000059
748 0.000035
752 0.000026
756 0.000048
760 0.000025
764 0.000009
768 0.000018
772 0.000033
776 0.000035
780 0.000033
