380 0.000003
384 0.000001
388 0.000006
392 0.000005
396 0.000003
400 0.000002
404 0.000004
408 0.000004
412 0.000009
416 0.000015
420 0.000034
424 0.000079
428 0.000160
432 0.000310
436 0.000581
440 0.001026
444 0.001627
448 0.002066
452 0.002057
456 0.001709
460 0.001303
464 0.001002
468 0.000786
472 0.000624
476 0.000517
480 0.000450
484 0.000390
488 0.000340
492 0.000324
496 0.000349
500 0.000407
504 0.000489
508 0.000582
512 0.000677
516 0.000775
520 0.000880
524 0.000973
528 0.001064
532 0.001145
536 0.001194
540 0.001214
544 0.001197
548 0.001176
552 0.001157
556 0.001131
560 0.001096
564 0.001034
568 0.000971
572 0.000921
576 0.000915
580 0.000973
584 0.001057
588 0.001097
592 0.001084
596 0.001030
600 0.000949
604 0.000848
608 0.000753
612 0.000668
616 0.000601
620 0.000539
624 0.000481
628 0.000439
632 0.000400
636 0.000364
640 0.000332
644 0.000298
648 0.000269
652 0.000241
656 0.000217
660 0.000191
664 0.000171
668 0.000155
672 0.000143
676 0.000131
680 0.000116
684 0.000106
688 0.000097
692 0.000091
696 0.000080
700 0.000073
704 0.000063
708 0.000054
712 0.000046
716 0.000043
720 0.000037
724 0.000034
728 0.000030
732 0.000027
736 0.000024
740 0.000025
744 0.000023
748 0.000019
752 0.000013
756 0.000017
760 0.000021
764 0.000022
768 0.000024
772 0.000006
776 0.000005
780 0.000017
