380 0.000002
384 0.000001
388 0.000000
392 0.000000
396 0.000000
400 0.000001
404 0.000001
408 0.000002
412 0.000001
416 0.000000
420 0.000000
424 0.000001
428 0.000001
432 0.000001
436 0.000001
440 0.000002
444 0.000002
448 0.000001
452 0.000002
456 0.000000
460 0.000001
464 0.000001
468 0.000001
472 0.000001
476 0.000000
480 0.000000
484 0.000000
488 0.000000
492 0.000001
496 0.000001
500 0.000000
504 0.000001
508 0.000002
512 0.000003
516 0.000002
520 0.000001
524 0.000002
528 0.000003
532 0.000003
536 0.000003
540 0.000003
544 0.000003
548 0.000002
552 0.000002
556 0.000003
560 0.000004
564 0.000005
568 0.000004
572 0.000003
576 0.000004
580 0.000004
584 0.000005
588 0.000005
592 0.000005
596 0.000006
600 0.000006
604 0.000006
608 0.000006
612 0.000005
616 0.000005
620 0.000005
624 0.000005
628 0.000004
632 0.000005
636 0.000005
640 0.000003
644 0.000004
648 0.000003
652 0.000003
656 0.000003
660 0.000002
664 0.000002
668 0.000003
672 0.000003
676 0.000003
680 0.000001
684 0.000001
688 0.000001
692 0.000000
696 0.000002
700 0.000001
704 0.000000
708 0.000001
712 0.000000
716 0.000000
720 0.000000
724 0.000001
728 0.000002
732 0.000000
736 0.000000
740 0.000000
744 0.000001
748 0.000003
752 0.000001
756 0.000000
760 0.000000
764 0.000000
768 0.000001
772 0.000000
776 0.000002
780 0.000005
