380 0.000013
384 0.000006
388 0.000002
392 0.000001
396 0.000001
400 0.000004
404 0.000008
408 0.000010
412 0.000013
416 0.000024
420 0.000055
424 0.000128
428 0.000269
432 0.000516
436 0.000960
440 0.001692
444 0.002720
448 0.003532
452 0.003598
456 0.003038
460 0.002322
464 0.001781
468 0.001397
472 0.001108
476 0.000914
480 0.000791
484 0.000681
488 0.000592
492 0.000559
496 0.000590
500 0.000694
504 0.000821
508 0.000971
512 0.001126
516 0.001280
520 0.001452
524 0.001606
528 0.001754
532 0.001882
536 0.001956
540 0.001987
544 0.001959
548 0.001920
552 0.001886
556 0.001838
560 0.001779
564 0.001675
568 0.001568
572 0.001487
576 0.001472
580 0.001561
584 0.001701
588 0.001769
592 0.001749
596 0.001666
600 0.001535
604 0.001373
608 0.001221
612 0.001082
616 0.000969
620 0.000870
624 0.000773
628 0.000710
632 0.000647
636 0.000584
640 0.000530
644 0.000476
648 0.000429
652 0.000389
656 0.000348
660 0.000299
664 0.000271
668 0.000249
672 0.000232
676 0.000206
680 0.000188
684 0.000172
688 0.000161
692 0.000147
696 0.000133
700 0.000114
704 0.000097
708 0.000083
712 0.000078
716 0.000071
720 0.000069
724 0.000056
728 0.000050
732 0.000043
736 0.000033
740 0.000038
744 0.000031
748 0.000026
752 0.000024
756 0.000031
760 0.000028
764 0.000021
768 0.000025
772 0.000039
776 0.000022
780 0.000016
