380 0.000035
384 0.000013
388 0.000014
392 0.000002
396 0.000006
400 0.000015
404 0.000019
408 0.000014
412 0.000031
416 0.000036
420 0.000112
424 0.000262
428 0.000536
432 0.001042
436 0.001945
440 0.003438
444 0.005537
448 0.007176
452 0.007307
456 0.006183
460 0.004731
464 0.003629
468 0.002839
472 0.002243
476 0.001839
480 0.001583
484 0.001364
488 0.001190
492 0.001122
496 0.001179
500 0.001373
504 0.001624
508 0.001929
512 0.002240
516 0.002548
520 0.002886
524 0.003175
528 0.003466
532 0.003711
536 0.003851
540 0.003907
544 0.003849
548 0.003763
552 0.003698
556 0.003596
560 0.003476
564 0.003278
568 0.003059
572 0.002898
576 0.002884
580 0.003070
584 0.003364
588 0.003518
592 0.003493
596 0.003326
600 0.003064
604 0.002746
608 0.002436
612 0.002161
616 0.001937
620 0.001737
624 0.001553
628 0.001416
632 0.001292
636 0.001171
640 0.001063
644 0.000955
648 0.000854
652 0.000767
656 0.000692
660 0.000612
664 0.000554
668 0.000497
672 0.000454
676 0.000401
680 0.000371
684 0.000342
688 0.000316
692 0.000282
696 0.000250
700 0.000216
704 0.000190
708 0.000185
712 0.000149
716 0.000137
720 0.000116
724 0.000111
728 0.000098
732 0.000079
736 0.000080
740 0.000049
744 0.000066
748 0.000075
752 0.000036
756 0.000034
760 0.000077
764 0.000093
768 0.000058
772 0.000060
776 0.000106
780 0.000069
