380 0.000030
384 0.000007
388 0.000012
392 0.000030
396 0.000017
400 0.000034
404 0.000030
408 0.000028
412 0.000037
416 0.000061
420 0.000150
424 0.000333
428 0.000695
432 0.001369
436 0.002575
440 0.004553
444 0.007330
448 0.009518
452 0.009703
456 0.008190
460 0.006248
464 0.004787
468 0.003752
472 0.002968
476 0.002443
480 0.002112
484 0.001807
488 0.001566
492 0.001477
496 0.001574
500 0.001837
504 0.002180
508 0.002564
512 0.002984
516 0.003396
520 0.003839
524 0.004233
528 0.004622
532 0.004950
536 0.005136
540 0.005217
544 0.005136
548 0.005031
552 0.004948
556 0.004813
560 0.004643
564 0.004370
568 0.004090
572 0.003872
576 0.003842
580 0.004080
584 0.004475
588 0.004666
592 0.004625
596 0.004409
600 0.004064
604 0.003628
608 0.003225
612 0.002850
616 0.002549
620 0.002280
624 0.002035
628 0.001868
632 0.001709
636 0.001544
640 0.001404
644 0.001258
648 0.001134
652 0.001013
656 0.000912
660 0.000811
664 0.000715
668 0.000652
672 0.000599
676 0.000536
680 0.000487
684 0.000443
688 0.000401
692 0.000380
696 0.000336
700 0.000306
704 0.000261
708 0.000235
712 0.000197
716 0.000174
720 0.000156
724 0.000131
728 0.000130
732 0.000111
736 0.000087
740 0.000109
744 0.000108
748 0.000106
752 0.000122
756 0.000060
760 0.000058
764 0.000084
768 0.000111
772 0.000048
776 0.000045
780 0.000105
