380 0.000008
384 0.000027
388 0.000016
392 0.000009
396 0.000002
400 0.000010
404 0.000014
408 0.000012
412 0.000018
416 0.000031
420 0.000068
424 0.000155
428 0.000318
432 0.000628
436 0.001178
440 0.002064
444 0.003323
448 0.004322
452 0.004405
456 0.003718
460 0.002838
464 0.002179
468 0.001708
472 0.001359
476 0.001120
480 0.000967
484 0.000835
488 0.000726
492 0.000681
496 0.000719
500 0.000838
504 0.000998
508 0.001183
512 0.001373
516 0.001564
520 0.001775
524 0.001953
528 0.002131
532 0.002292
536 0.002384
540 0.002420
544 0.002380
548 0.002336
552 0.002297
556 0.002242
560 0.002166
564 0.002036
568 0.001906
572 0.001808
576 0.001792
580 0.001907
584 0.002084
588 0.002172
592 0.002153
596 0.002050
600 0.001892
604 0.001694
608 0.001503
612 0.001333
616 0.001189
620 0.001069
624 0.000958
628 0.000877
632 0.000799
636 0.000724
640 0.000654
644 0.000593
648 0.000533
652 0.000479
656 0.000430
660 0.000381
664 0.000339
668 0.000307
672 0.000286
676 0.000260
680 0.000234
684 0.000211
688 0.000199
692 0.000181
696 0.000159
700 0.000148
704 0.000124
708 0.000108
712 0.000100
716 0.000086
720 0.000076
724 0.000066
728 0.000062
732 0.000061
736 0.000053
740 0.000037
744 0.000049
748 0.000044
752 0.000022
756 0.000037
760 0.000033
764 0.000028
768 0.000027
772 0.000008
776 0.000034
780 0.000030
