380 0.000019
384 0.000005
388 0.000027
392 0.000005
396 0.000009
400 0.000011
404 0.000009
408 0.000014
412 0.000016
416 0.000055
420 0.000102
424 0.000230
428 0.000469
432 0.000894
436 0.001665
440 0.002952
444 0.004763
448 0.006166
452 0.006292
456 0.005311
460 0.004059
464 0.003117
468 0.002442
472 0.001930
476 0.001582
480 0.001371
484 0.001177
488 0.001030
492 0.000969
496 0.001020
500 0.001187
504 0.001412
508 0.001673
512 0.001946
516 0.002203
520 0.002506
524 0.002755
528 0.003012
532 0.003232
536 0.003358
540 0.003396
544 0.003351
548 0.003281
552 0.003220
556 0.003133
560 0.003022
564 0.002847
568 0.002666
572 0.002530
576 0.002508
580 0.002668
584 0.002926
588 0.003055
592 0.003030
596 0.002884
600 0.002656
604 0.002373
608 0.002115
612 0.001876
616 0.001683
620 0.001511
624 0.001349
628 0.001231
632 0.001122
636 0.001017
640 0.000919
644 0.000826
648 0.000745
652 0.000664
656 0.000601
660 0.000538
664 0.000470
668 0.000431
672 0.000400
676 0.000349
680 0.000328
684 0.000299
688 0.000277
692 0.000253
696 0.000227
700 0.000196
704 0.000171
708 0.000149
712 0.000131
716 0.000126
720 0.000118
724 0.000098
728 0.000088
732 0.000075
736 0.000076
740 0.000056
744 0.000058
748 0.000047
752 0.000072
756 0.000046
760 0.000084
764 0.000071
768 0.000049
772 0.000011
776 0.000042
780 0.000076
