380 0.000071
384 0.000035
388 0.000018
392 0.000030
396 0.000027
400 0.000037
404 0.000021
408 0.000020
412 0.000023
416 0.000083
420 0.000170
424 0.000408
428 0.000843
432 0.001634
436 0.003052
440 0.005396
444 0.008698
448 0.011290
452 0.011500
456 0.009714
460 0.007417
464 0.005674
468 0.004442
472 0.003486
476 0.002868
480 0.002478
484 0.002119
488 0.001847
492 0.001746
496 0.001850
500 0.002143
504 0.002547
508 0.003007
512 0.003488
516 0.003963
520 0.004477
524 0.004935
528 0.005372
532 0.005749
536 0.005972
540 0.006063
544 0.005962
548 0.005841
552 0.005735
556 0.005576
560 0.005390
564 0.005061
568 0.004724
572 0.004470
576 0.004441
580 0.004728
584 0.005179
588 0.005399
592 0.005354
596 0.005100
600 0.004694
604 0.004205
608 0.003728
612 0.003314
616 0.002960
620 0.002657
624 0.002357
628 0.002153
632 0.001961
636 0.001789
640 0.001619
644 0.001460
648 0.001311
652 0.001162
656 0.001050
660 0.000941
664 0.000846
668 0.000761
672 0.000693
676 0.000629
680 0.000573
684 0.000531
688 0.000489
692 0.000427
696 0.000408
700 0.000349
704 0.000314
708 0.000282
712 0.000241
716 0.000226
720 0.000201
724 0.000205
728 0.000157
732 0.000132
736 0.000108
740 0.000108
744 0.000103
748 0.000105
752 0.000072
756 0.000090
760 0.000120
764 0.000175
768 0.000086
772 0.000076
776 0.000038
780 0.000090
