380 0.000000
384 0.000000
388 0.000002
392 0.000001
396 0.000000
400 0.000000
404 0.000001
408 0.000001
412 0.000000
416 0.000000
420 0.000000
424 0.000000
428 0.000000
432 0.000001
436 0.000001
440 0.000002
444 0.000002
448 0.000001
452 0.000001
456 0.000000
460 0.000001
464 0.000000
468 0.000001
472 0.000000
476 0.000000
480 0.000000
484 0.000000
488 0.000000
492 0.000000
496 0.000000
500 0.000000
504 0.000001
508 0.000001
512 0.000001
516 0.000002
520 0.000002
524 0.000002
528 0.000002
532 0.000003
536 0.000003
540 0.000002
544 0.000002
548 0.000003
552 0.000003
556 0.000004
560 0.000004
564 0.000004
568 0.000004
572 0.000003
576 0.000004
580 0.000005
584 0.000005
588 0.000005
592 0.000005
596 0.000005
600 0.000006
604 0.000006
608 0.000005
612 0.000006
616 0.000005
620 0.000005
624 0.000005
628 0.000005
632 0.000004
636 0.000004
640 0.000005
644 0.000004
648 0.000004
652 0.000003
656 0.000003
660 0.000001
664 0.000002
668 0.000002
672 0.000002
676 0.000002
680 0.000002
684 0.000002
688 0.000003
692 0.000003
696 0.000001
700 0.000001
704 0.000001
708 0.000000
712 0.000001
716 0.000000
720 0.000000
724 0.000001
728 0.000002
732 0.000000
736 0.000001
740 0.000001
744 0.000000
748 0.000000
752 0.000000
756 0.000001
760 0.000002
764 0.000001
768 0.000000
772 0.000000
776 0.000000
780 0.000001
