380 0.000002
384 0.000001
388 0.000001
392 0.000000
396 0.000001
400 0.000001
404 0.000001
408 0.000001
412 0.000003
416 0.000005
420 0.000012
424 0.000028
428 0.000056
432 0.000107
436 0.000196
440 0.000338
444 0.000534
448 0.000686
452 0.000694
456 0.000585
460 0.000447
464 0.000344
468 0.000270
472 0.000215
476 0.000178
480 0.000154
484 0.000135
488 0.000120
492 0.000115
496 0.000122
500 0.000141
504 0.000168
508 0.000199
512 0.000231
516 0.000262
520 0.000297
524 0.000327
528 0.000358
532 0.000384
536 0.000400
540 0.000407
544 0.000402
548 0.000394
552 0.000389
556 0.000380
560 0.000370
564 0.000349
568 0.000328
572 0.000314
576 0.000311
580 0.000327
584 0.000351
588 0.000364
592 0.000361
596 0.000345
600 0.000318
604 0.000286
608 0.000256
612 0.000229
616 0.000207
620 0.000187
624 0.000168
628 0.000154
632 0.000142
636 0.000131
640 0.000118
644 0.000107
648 0.000096
652 0.000086
656 0.000079
660 0.000068
664 0.000061
668 0.000056
672 0.000052
676 0.000047
680 0.000041
684 0.000038
688 0.000035
692 0.000032
696 0.000028
700 0.000024
704 0.000020
708 0.000018
712 0.000015
716 0.000014
720 0.000012
724 0.000010
728 0.000010
732 0.000008
736 0.000008
740 0.000009
744 0.000009
748 0.000008
752 0.000010
756 0.000008
760 0.000007
764 0.000008
768 0.000008
772 0.000008
776 0.000004
780 0.000006
