380 0.000021
384 0.000006
388 0.000011
392 0.000007
396 0.000008
400 0.000002
404 0.000008
408 0.000010
412 0.000037
416 0.000075
420 0.000124
424 0.000282
428 0.000592
432 0.001184
436 0.002226
440 0.003924
444 0.006332
448 0.008233
452 0.008393
456 0.007087
460 0.005409
464 0.004142
468 0.003240
472 0.002573
476 0.002113
480 0.001822
484 0.001568
488 0.001360
492 0.001285
496 0.001362
500 0.001583
504 0.001873
508 0.002213
512 0.002566
516 0.002922
520 0.003310
524 0.003640
528 0.003981
532 0.004271
536 0.004435
540 0.004491
544 0.004429
548 0.004337
552 0.004256
556 0.004137
560 0.003991
564 0.003764
568 0.003522
572 0.003334
576 0.003308
580 0.003523
584 0.003872
588 0.004044
592 0.004007
596 0.003820
600 0.003528
604 0.003152
608 0.002804
612 0.002483
616 0.002231
620 0.002003
624 0.001783
628 0.001628
632 0.001481
636 0.001336
640 0.001225
644 0.001099
648 0.000997
652 0.000886
656 0.000791
660 0.000709
664 0.000630
668 0.000576
672 0.000536
676 0.000481
680 0.000440
684 0.000403
688 0.000373
692 0.000327
696 0.000284
700 0.000263
704 0.000236
708 0.000211
712 0.000177
716 0.000168
720 0.000160
724 0.000137
728 0.000144
732 0.000118
736 0.000107
740 0.000090
744 0.000104
748 0.000074
752 0.000081
756 0.000089
760 0.000027
764 0.000067
768 0.000073
772 0.000068
776 0.000073
780 0.000077
