380 0.000005
384 0.000001
388 0.000000
392 0.000001
396 0.000002
400 0.000001
404 0.000002
408 0.000003
412 0.000005
416 0.000008
420 0.000018
424 0.000040
428 0.000083
432 0.000158
436 0.000293
440 0.000510
444 0.000813
448 0.001050
452 0.001066
456 0.000899
460 0.000686
464 0.000528
468 0.000414
472 0.000331
476 0.000274
480 0.000238
484 0.000207
488 0.000181
492 0.000172
496 0.000183
500 0.000214
504 0.000254
508 0.000302
512 0.000350
516 0.000397
520 0.000452
524 0.000499
528 0.000544
532 0.000585
536 0.000610
540 0.000619
544 0.000612
548 0.000601
552 0.000593
556 0.000579
560 0.000561
564 0.000530
568 0.000498
572 0.000474
576 0.000470
580 0.000496
584 0.000537
588 0.000557
592 0.000552
596 0.000527
600 0.000487
604 0.000435
608 0.000387
612 0.000346
616 0.000311
620 0.000280
624 0.000251
628 0.000231
632 0.000211
636 0.000191
640 0.000174
644 0.000158
648 0.000142
652 0.000127
656 0.000116
660 0.000100
664 0.000090
668 0.000082
672 0.000075
676 0.000067
680 0.000064
684 0.000059
688 0.000054
692 0.000047
696 0.000040
700 0.000035
704 0.000029
708 0.000030
712 0.000027
716 0.000023
720 0.000020
724 0.000014
728 0.000015
732 0.000012
736 0.000014
740 0.000009
744 0.000009
748 0.000011
752 0.000017
756 0.000013
760 0.000006
764 0.000012
768 0.000010
772 0.000006
776 0.000004
780 0.000012
