380 0.000001
384 0.000001
388 0.000001
392 0.000000
396 0.000000
400 0.000000
404 0.000000
408 0.000000
412 0.000000
416 0.000002
420 0.000003
424 0.000006
428 0.000011
432 0.000017
436 0.000025
440 0.000037
444 0.000050
448 0.000056
452 0.000051
456 0.000040
460 0.000029
464 0.000023
468 0.000018
472 0.000014
476 0.000012
480 0.000011
484 0.000011
488 0.000010
492 0.000012
496 0.000014
500 0.000016
504 0.000018
508 0.000021
512 0.000023
516 0.000026
520 0.000028
524 0.000030
528 0.000031
532 0.000033
536 0.000034
540 0.000035
544 0.000035
548 0.000035
552 0.000034
556 0.000035
560 0.000036
564 0.000036
568 0.000036
572 0.000037
576 0.000038
580 0.000039
584 0.000041
588 0.000042
592 0.000044
596 0.000044
600 0.000043
604 0.000041
608 0.000039
612 0.000038
616 0.000036
620 0.000034
624 0.000033
628 0.000031
632 0.000029
636 0.000027
640 0.000026
644 0.000023
648 0.000022
652 0.000019
656 0.000017
660 0.000015
664 0.000015
668 0.000014
672 0.000012
676 0.000012
680 0.000011
684 0.000008
688 0.000007
692 0.000006
696 0.000005
700 0.000006
704 0.000005
708 0.000003
712 0.000002
716 0.000001
720 0.000002
724 0.000003
728 0.000004
732 0.000002
736 0.000001
740 0.000002
744 0.000004
748 0.000005
752 0.000001
756 0.000001
760 0.000003
764 0.000005
768 0.000001
772 0.000000
776 0.000000
780 0.000002
