380 0.000000
384 0.000000
388 0.000000
392 0.000000
396 0.000000
400 0.000001
404 0.000001
408 0.000000
412 0.000000
416 0.000002
420 0.000004
424 0.000008
428 0.000016
432 0.000028
436 0.000046
440 0.000073
444 0.000106
448 0.000124
452 0.000119
456 0.000097
460 0.000074
464 0.000056
468 0.000043
472 0.000035
476 0.000031
480 0.000027
484 0.000023
488 0.000021
492 0.000021
496 0.000025
500 0.000029
504 0.000034
508 0.000040
512 0.000046
516 0.000052
520 0.000058
524 0.000064
528 0.000069
532 0.000074
536 0.000076
540 0.000078
544 0.000077
548 0.000077
552 0.000076
556 0.000076
560 0.000075
564 0.000072
568 0.000071
572 0.000070
576 0.000070
580 0.000073
584 0.000079
588 0.000082
592 0.000082
596 0.000080
600 0.000077
604 0.000072
608 0.000067
612 0.000061
616 0.000056
620 0.000053
624 0.000049
628 0.000046
632 0.000043
636 0.000040
640 0.000037
644 0.000033
648 0.000031
652 0.000029
656 0.000025
660 0.000022
664 0.000021
668 0.000018
672 0.000016
676 0.000016
680 0.000014
684 0.000013
688 0.000012
692 0.000010
696 0.000009
700 0.000006
704 0.000006
708 0.000004
712 0.000005
716 0.000005
720 0.000003
724 0.000003
728 0.000003
732 0.000002
736 0.000000
740 0.000001
744 0.000002
748 0.000001
752 0.000001
756 0.000003
760 0.000005
764 0.000003
768 0.000003
772 0.000004
776 0.000009
780 0.000012
