380 0.000048
384 0.000045
388 0.000007
392 0.000005
396 0.000014
400 0.000021
404 0.000031
408 0.000025
412 0.000034
416 0.000093
420 0.000178
424 0.000390
428 0.000833
432 0.001645
436 0.003084
440 0.005479
444 0.008748
448 0.011140
452 0.011090
456 0.009224
460 0.007014
464 0.005376
468 0.004209
472 0.003333
476 0.002746
480 0.002373
484 0.002038
488 0.001777
492 0.001683
496 0.001792
500 0.002107
504 0.002505
508 0.002976
512 0.003453
516 0.003940
520 0.004467
524 0.004928
528 0.005383
532 0.005769
536 0.005985
540 0.006085
544 0.006002
548 0.005881
552 0.005776
556 0.005617
560 0.005412
564 0.005099
568 0.004770
572 0.004528
576 0.004507
580 0.004816
584 0.005278
588 0.005492
592 0.005439
596 0.005163
600 0.004764
604 0.004248
608 0.003782
612 0.003347
616 0.003001
620 0.002685
624 0.002385
628 0.002172
632 0.001981
636 0.001801
640 0.001625
644 0.001480
648 0.001328
652 0.001188
656 0.001065
660 0.000930
664 0.000839
668 0.000768
672 0.000708
676 0.000650
680 0.000574
684 0.000518
688 0.000500
692 0.000454
696 0.000394
700 0.000337
704 0.000311
708 0.000273
712 0.000233
716 0.000218
720 0.000198
724 0.000192
728 0.000163
732 0.000135
736 0.000106
740 0.000084
744 0.000086
748 0.000105
752 0.000135
756 0.000051
760 0.000104
764 0.000129
768 0.000070
772 0.000038
776 0.000054
780 0.000078
