380 0.000052
384 0.000045
388 0.000025
392 0.000033
396 0.000019
400 0.000024
404 0.000005
408 0.000026
412 0.000042
416 0.000067
420 0.000145
424 0.000344
428 0.000696
432 0.001370
436 0.002581
440 0.004576
444 0.007324
448 0.009335
452 0.009308
456 0.007755
460 0.005899
464 0.004530
468 0.003543
472 0.002801
476 0.002310
480 0.001999
484 0.001726
488 0.001508
492 0.001432
496 0.001527
500 0.001784
504 0.002134
508 0.002539
512 0.002948
516 0.003357
520 0.003805
524 0.004215
528 0.004611
532 0.004942
536 0.005144
540 0.005219
544 0.005145
548 0.005055
552 0.004967
556 0.004833
560 0.004665
564 0.004401
568 0.004120
572 0.003913
576 0.003894
580 0.004154
584 0.004564
588 0.004747
592 0.004691
596 0.004450
600 0.004092
604 0.003658
608 0.003258
612 0.002874
616 0.002578
620 0.002306
624 0.002055
628 0.001876
632 0.001700
636 0.001547
640 0.001407
644 0.001282
648 0.001134
652 0.001003
656 0.000907
660 0.000804
664 0.000730
668 0.000664
672 0.000611
676 0.000548
680 0.000514
684 0.000467
688 0.000414
692 0.000365
696 0.000317
700 0.000274
704 0.000253
708 0.000236
712 0.000205
716 0.000185
720 0.000177
724 0.000135
728 0.000161
732 0.000140
736 0.000105
740 0.000125
744 0.000118
748 0.000119
752 0.000100
756 0.000088
760 0.000053
764 0.000067
768 0.000046
772 0.000051
776 0.000102
780 0.000134
