380 0.000025
384 0.000045
388 0.000016
392 0.000027
396 0.000006
400 0.000008
404 0.000013
408 0.000020
412 0.000019
416 0.000036
420 0.000082
424 0.000185
428 0.000391
432 0.000756
436 0.001411
440 0.002507
444 0.004004
448 0.005100
452 0.005080
456 0.004227
460 0.003220
464 0.002473
468 0.001943
472 0.001538
476 0.001264
480 0.001096
484 0.000942
488 0.000826
492 0.000782
496 0.000837
500 0.000980
504 0.001169
508 0.001389
512 0.001616
516 0.001846
520 0.002096
524 0.002320
528 0.002534
532 0.002726
536 0.002834
540 0.002879
544 0.002834
548 0.002783
552 0.002734
556 0.002665
560 0.002573
564 0.002424
568 0.002273
572 0.002155
576 0.002149
580 0.002296
584 0.002518
588 0.002616
592 0.002595
596 0.002472
600 0.002272
604 0.002029
608 0.001808
612 0.001606
616 0.001435
620 0.001291
624 0.001155
628 0.001047
632 0.000953
636 0.000867
640 0.000789
644 0.000721
648 0.000637
652 0.000563
656 0.000506
660 0.000453
664 0.000408
668 0.000369
672 0.000335
676 0.000307
680 0.000276
684 0.000259
688 0.000250
692 0.000224
696 0.000195
700 0.000167
704 0.000144
708 0.000133
712 0.000114
716 0.000098
720 0.000088
724 0.000087
728 0.000084
732 0.000074
736 0.000066
740 0.000048
744 0.000049
748 0.000048
752 0.000024
756 0.000057
760 0.000058
764 0.000034
768 0.000042
772 0.000033
776 0.000031
780 0.000013
