380 0.000006
384 0.000002
388 0.000001
392 0.000004
396 0.000000
400 0.000001
404 0.000001
408 0.000002
412 0.000004
416 0.000008
420 0.000018
424 0.000042
428 0.000083
432 0.000159
436 0.000296
440 0.000516
444 0.000815
448 0.001030
452 0.001022
456 0.000847
460 0.000646
464 0.000498
468 0.000391
472 0.000312
476 0.000258
480 0.000227
484 0.000197
488 0.000172
492 0.000164
496 0.000178
500 0.000209
504 0.000249
508 0.000297
512 0.000347
516 0.000395
520 0.000449
524 0.000497
528 0.000544
532 0.000586
536 0.000610
540 0.000621
544 0.000614
548 0.000603
552 0.000595
556 0.000583
560 0.000566
564 0.000535
568 0.000503
572 0.000478
576 0.000477
580 0.000506
584 0.000548
588 0.000567
592 0.000561
596 0.000534
600 0.000494
604 0.000443
608 0.000394
612 0.000351
616 0.000315
620 0.000284
624 0.000255
628 0.000234
632 0.000215
636 0.000195
640 0.000177
644 0.000161
648 0.000144
652 0.000129
656 0.000117
660 0.000103
664 0.000092
668 0.000084
672 0.000076
676 0.000071
680 0.000063
684 0.000059
688 0.000053
692 0.000048
696 0.000043
700 0.000038
704 0.000035
708 0.000031
712 0.000027
716 0.000023
720 0.000021
724 0.000021
728 0.000018
732 0.000014
736 0.000013
740 0.000009
744 0.000007
748 0.000007
752 0.000007
756 0.000006
760 0.000011
764 0.000008
768 0.000006
772 0.000004
776 0.000011
780 0.000018
