380 0.000003
384 0.000003
388 0.000001
392 0.000002
396 0.000001
400 0.000001
404 0.000002
408 0.000002
412 0.000003
416 0.000006
420 0.000014
424 0.000029
428 0.000057
432 0.000108
436 0.000199
440 0.000345
444 0.000540
448 0.000678
452 0.000670
456 0.000555
460 0.000422
464 0.000324
468 0.000255
472 0.000203
476 0.000170
480 0.000149
484 0.000129
488 0.000113
492 0.000109
496 0.000118
500 0.000139
504 0.000167
508 0.000198
512 0.000229
516 0.000262
520 0.000297
524 0.000328
528 0.000360
532 0.000387
536 0.000403
540 0.000410
544 0.000406
548 0.000398
552 0.000393
556 0.000385
560 0.000375
564 0.000355
568 0.000334
572 0.000320
576 0.000318
580 0.000336
584 0.000361
588 0.000374
592 0.000370
596 0.000352
600 0.000325
604 0.000292
608 0.000261
612 0.000233
616 0.000211
620 0.000190
624 0.000171
628 0.000158
632 0.000144
636 0.000132
640 0.000121
644 0.000109
648 0.000099
652 0.000088
656 0.000080
660 0.000069
664 0.000063
668 0.000057
672 0.000053
676 0.000049
680 0.000044
684 0.000039
688 0.000037
692 0.000033
696 0.000028
700 0.000025
704 0.000023
708 0.000020
712 0.000018
716 0.000016
720 0.000013
724 0.000011
728 0.000008
732 0.000009
736 0.000009
740 0.000009
744 0.000007
748 0.000008
752 0.000009
756 0.000009
760 0.000007
764 0.000005
768 0.000005
772 0.000004
776 0.000004
780 0.000003
