380 0.000028
384 0.000035
388 0.000013
392 0.000027
396 0.000032
400 0.000007
404 0.000021
408 0.000023
412 0.000034
416 0.000049
420 0.000118
424 0.000278
428 0.000599
432 0.001193
436 0.002238
440 0.003954
444 0.006315
448 0.008062
452 0.008045
456 0.006689
460 0.005086
464 0.003911
468 0.003050
472 0.002418
476 0.001993
480 0.001731
484 0.001483
488 0.001290
492 0.001230
496 0.001307
500 0.001539
504 0.001827
508 0.002172
512 0.002534
516 0.002886
520 0.003277
524 0.003620
528 0.003964
532 0.004247
536 0.004414
540 0.004480
544 0.004417
548 0.004330
552 0.004256
556 0.004153
560 0.004010
564 0.003770
568 0.003533
572 0.003354
576 0.003344
580 0.003581
584 0.003931
588 0.004097
592 0.004063
596 0.003858
600 0.003549
604 0.003184
608 0.002830
612 0.002516
616 0.002254
620 0.002015
624 0.001796
628 0.001641
632 0.001484
636 0.001345
640 0.001234
644 0.001119
648 0.001002
652 0.000888
656 0.000791
660 0.000705
664 0.000640
668 0.000567
672 0.000532
676 0.000482
680 0.000436
684 0.000400
688 0.000361
692 0.000339
696 0.000299
700 0.000251
704 0.000234
708 0.000207
712 0.000169
716 0.000142
720 0.000140
724 0.000114
728 0.000095
732 0.000085
736 0.000086
740 0.000092
744 0.000079
748 0.000057
752 0.000069
756 0.000051
760 0.000054
764 0.000047
768 0.000060
772 0.000030
776 0.000086
780 0.000075
