380 0.000000
384 0.000000
388 0.000000
392 0.000000
396 0.000000
400 0.000001
404 0.000001
408 0.000001
412 0.000001
416 0.000002
420 0.000006
424 0.000012
428 0.000024
432 0.000042
436 0.000075
440 0.000126
444 0.000191
448 0.000233
452 0.000227
456 0.000186
460 0.000141
464 0.000108
468 0.000085
472 0.000068
476 0.000057
480 0.000050
484 0.000045
488 0.000040
492 0.000040
496 0.000044
500 0.000051
504 0.000061
508 0.000072
512 0.000084
516 0.000095
520 0.000106
524 0.000117
528 0.000128
532 0.000136
536 0.000142
540 0.000145
544 0.000144
548 0.000142
552 0.000141
556 0.000139
560 0.000136
564 0.000131
568 0.000124
572 0.000120
576 0.000121
580 0.000128
584 0.000137
588 0.000141
592 0.000140
596 0.000135
600 0.000127
604 0.000117
608 0.000106
612 0.000097
616 0.000088
620 0.000081
624 0.000075
628 0.000069
632 0.000064
636 0.000059
640 0.000054
644 0.000049
648 0.000044
652 0.000040
656 0.000036
660 0.000031
664 0.000029
668 0.000027
672 0.000025
676 0.000022
680 0.000020
684 0.000019
688 0.000016
692 0.000014
696 0.000012
700 0.000010
704 0.000009
708 0.000009
712 0.000008
716 0.000005
720 0.000006
724 0.000004
728 0.000003
732 0.000002
736 0.000002
740 0.000001
744 0.000003
748 0.000002
752 0.000003
756 0.000004
760 0.000002
764 0.000003
768 0.000003
772 0.000000
776 0.000001
780 0.000002
