380 0.000048
384 0.000031
388 0.000032
392 0.000030
396 0.000017
400 0.000012
404 0.000020
408 0.000010
412 0.000031
416 0.000055
420 0.000121
424 0.000260
428 0.000530
432 0.001034
436 0.001938
440 0.003446
444 0.005515
448 0.007027
452 0.007003
456 0.005838
460 0.004452
464 0.003415
468 0.002669
472 0.002113
476 0.001738
480 0.001504
484 0.001287
488 0.001118
492 0.001067
496 0.001142
500 0.001336
504 0.001594
508 0.001891
512 0.002201
516 0.002508
520 0.002847
524 0.003146
528 0.003442
532 0.003696
536 0.003836
540 0.003894
544 0.003839
548 0.003752
552 0.003695
556 0.003598
560 0.003474
564 0.003269
568 0.003068
572 0.002910
576 0.002902
580 0.003109
584 0.003417
588 0.003555
592 0.003518
596 0.003348
600 0.003090
604 0.002754
608 0.002448
612 0.002170
616 0.001948
620 0.001749
624 0.001560
628 0.001428
632 0.001298
636 0.001174
640 0.001066
644 0.000963
648 0.000870
652 0.000773
656 0.000687
660 0.000602
664 0.000546
668 0.000497
672 0.000452
676 0.000415
680 0.000379
684 0.000356
688 0.000326
692 0.000300
696 0.000246
700 0.000234
704 0.000197
708 0.000178
712 0.000157
716 0.000123
720 0.000122
724 0.000126
728 0.000087
732 0.000088
736 0.000066
740 0.000062
744 0.000066
748 0.000055
752 0.000070
756 0.000050
760 0.000065
764 0.000045
768 0.000038
772 0.000097
776 0.000070
780 0.000089
