380 0.000003
384 0.000001
388 0.000000
392 0.000000
396 0.000000
400 0.000001
404 0.000001
408 0.000000
412 0.000002
416 0.000004
420 0.000008
424 0.000019
428 0.000037
432 0.000071
436 0.000127
440 0.000218
444 0.000337
448 0.000419
452 0.000413
456 0.000342
460 0.000261
464 0.000200
468 0.000157
472 0.000126
476 0.000104
480 0.000091
484 0.000079
488 0.000071
492 0.000069
496 0.000075
500 0.000088
504 0.000105
508 0.000124
512 0.000144
516 0.000164
520 0.000185
524 0.000204
528 0.000223
532 0.000240
536 0.000250
540 0.000254
544 0.000251
548 0.000247
552 0.000244
556 0.000240
560 0.000233
564 0.000222
568 0.000210
572 0.000202
576 0.000201
580 0.000212
584 0.000229
588 0.000237
592 0.000235
596 0.000224
600 0.000208
604 0.000188
608 0.000170
612 0.000153
616 0.000138
620 0.000126
624 0.000114
628 0.000105
632 0.000097
636 0.000089
640 0.000081
644 0.000074
648 0.000066
652 0.000060
656 0.000055
660 0.000048
664 0.000043
668 0.000040
672 0.000035
676 0.000031
680 0.000028
684 0.000027
688 0.000024
692 0.000022
696 0.000019
700 0.000018
704 0.000016
708 0.000015
712 0.000013
716 0.000009
720 0.000008
724 0.000009
728 0.000009
732 0.000010
736 0.000008
740 0.000005
744 0.000003
748 0.000007
752 0.000007
756 0.000004
760 0.000002
764 0.000002
768 0.000002
772 0.000007
776 0.000007
780 0.000008
