380 0.000039
384 0.000014
388 0.000002
392 0.000008
396 0.000032
400 0.000007
404 0.000019
408 0.000022
412 0.000033
416 0.000040
420 0.000139
424 0.000340
428 0.000744
432 0.001480
436 0.002786
440 0.004944
444 0.007851
448 0.009981
452 0.009996
456 0.008363
460 0.006373
464 0.004804
468 0.003558
472 0.002545
476 0.001852
480 0.001436
484 0.001137
488 0.000927
492 0.000843
496 0.000854
500 0.000954
504 0.001094
508 0.001248
512 0.001362
516 0.001457
520 0.001520
524 0.001542
528 0.001515
532 0.001443
536 0.001314
540 0.001152
544 0.000920
548 0.000724
552 0.000571
556 0.000440
560 0.000331
564 0.000241
568 0.000179
572 0.000129
576 0.000113
580 0.000102
584 0.000091
588 0.000079
592 0.000074
596 0.000074
600 0.000066
604 0.000054
608 0.000052
612 0.000050
616 0.000047
620 0.000037
624 0.000035
628 0.000042
632 0.000051
636 0.000047
640 0.000037
644 0.000042
648 0.000043
652 0.000038
656 0.000033
660 0.000027
664 0.000034
668 0.000038
672 0.000038
676 0.000021
680 0.000020
684 0.000016
688 0.000027
692 0.000013
696 0.000022
700 0.000028
704 0.000036
708 0.000013
712 0.000015
716 0.000002
720 0.000018
724 0.000018
728 0.000029
732 0.000045
736 0.000014
740 0.000032
744 0.000072
748 0.000029
752 0.000004
756 0.000015
760 0.000029
764 0.000024
768 0.000008
772 0.000040
776 0.000006
780 0.000020
