380 0.000015
384 0.000011
388 0.000013
392 0.000007
396 0.000001
400 0.000003
404 0.000006
408 0.000007
412 0.000010
416 0.000018
420 0.000047
424 0.000104
428 0.000212
432 0.000407
436 0.000766
440 0.001355
444 0.002157
448 0.002742
452 0.002730
456 0.002271
460 0.001730
464 0.001333
468 0.001046
472 0.000829
476 0.000685
480 0.000590
484 0.000511
488 0.000447
492 0.000427
496 0.000456
500 0.000533
504 0.000639
508 0.000761
512 0.000887
516 0.001009
520 0.001147
524 0.001269
528 0.001388
532 0.001490
536 0.001552
540 0.001578
544 0.001559
548 0.001528
552 0.001503
556 0.001466
560 0.001420
564 0.001338
568 0.001251
572 0.001188
576 0.001183
580 0.001261
584 0.001371
588 0.001425
592 0.001408
596 0.001339
600 0.001233
604 0.001100
608 0.000977
612 0.000867
616 0.000779
620 0.000697
624 0.000625
628 0.000570
632 0.000520
636 0.000470
640 0.000431
644 0.000389
648 0.000350
652 0.000312
656 0.000279
660 0.000247
664 0.000222
668 0.000205
672 0.000187
676 0.000169
680 0.000152
684 0.000139
688 0.000130
692 0.000120
696 0.000103
700 0.000092
704 0.000078
708 0.000070
712 0.000064
716 0.000059
720 0.000050
724 0.000044
728 0.000042
732 0.000038
736 0.000031
740 0.000023
744 0.000033
748 0.000023
752 0.000021
756 0.000024
760 0.000022
764 0.000017
768 0.000018
772 0.000011
776 0.000031
780 0.000012
