380 0.000019
384 0.000007
388 0.000002
392 0.000002
396 0.000009
400 0.000020
404 0.000016
408 0.000018
412 0.000017
416 0.000042
420 0.000106
424 0.000226
428 0.000463
432 0.000883
436 0.001664
440 0.002957
444 0.004730
448 0.006019
452 0.006001
456 0.005002
460 0.003812
464 0.002927
468 0.002290
472 0.001810
476 0.001492
480 0.001294
484 0.001113
488 0.000972
492 0.000926
496 0.000983
500 0.001147
504 0.001374
508 0.001633
512 0.001903
516 0.002181
520 0.002469
524 0.002727
528 0.002984
532 0.003209
536 0.003334
540 0.003380
544 0.003340
548 0.003271
552 0.003216
556 0.003135
560 0.003030
564 0.002855
568 0.002665
572 0.002531
576 0.002527
580 0.002702
584 0.002957
588 0.003082
592 0.003054
596 0.002905
600 0.002675
604 0.002394
608 0.002119
612 0.001869
616 0.001681
620 0.001507
624 0.001346
628 0.001227
632 0.001129
636 0.001026
640 0.000928
644 0.000841
648 0.000748
652 0.000663
656 0.000604
660 0.000535
664 0.000486
668 0.000436
672 0.000393
676 0.000363
680 0.000331
684 0.000312
688 0.000278
692 0.000251
696 0.000211
700 0.000192
704 0.000174
708 0.000152
712 0.000130
716 0.000129
720 0.000109
724 0.000106
728 0.000082
732 0.000068
736 0.000067
740 0.000065
744 0.000062
748 0.000071
752 0.000071
756 0.000061
760 0.000095
764 0.000071
768 0.000063
772 0.000052
776 0.000037
780 0.000048
