380 0.000000
384 0.000000
388 0.000000
392 0.000000
396 0.000000
400 0.000000
404 0.000000
408 0.000000
412 0.000000
416 0.000000
420 0.000004
424 0.000006
428 0.000012
432 0.000019
436 0.000031
440 0.000048
444 0.000068
448 0.000078
452 0.000072
456 0.000057
460 0.000042
464 0.000035
468 0.000035
472 0.000038
476 0.000040
480 0.000042
484 0.000041
488 0.000039
492 0.000038
496 0.000045
500 0.000054
504 0.000066
508 0.000079
512 0.000094
516 0.000109
520 0.000127
524 0.000145
528 0.000163
532 0.000181
536 0.000195
540 0.000205
544 0.000210
548 0.000212
552 0.000215
556 0.000215
560 0.000213
564 0.000205
568 0.000194
572 0.000182
576 0.000169
580 0.000156
584 0.000144
588 0.000131
592 0.000117
596 0.000103
600 0.000089
604 0.000074
608 0.000063
612 0.000054
616 0.000048
620 0.000043
624 0.000038
628 0.000036
632 0.000033
636 0.000032
640 0.000029
644 0.000026
648 0.000023
652 0.000021
656 0.000019
660 0.000017
664 0.000015
668 0.000014
672 0.000013
676 0.000012
680 0.000012
684 0.000010
688 0.000009
692 0.000010
696 0.000007
700 0.000006
704 0.000006
708 0.000006
712 0.000005
716 0.000004
720 0.000003
724 0.000003
728 0.000003
732 0.000003
736 0.000001
740 0.000000
744 0.000001
748 0.000002
752 0.000002
756 0.000000
760 0.000001
764 0.000001
768 0.000003
772 0.000010
776 0.000006
780 0.000007
