380 0.000034
384 0.000027
388 0.000008
392 0.000031
396 0.000015
400 0.000015
404 0.000012
408 0.000012
412 0.000005
416 0.000009
420 0.000023
424 0.000024
428 0.000036
432 0.000066
436 0.000147
440 0.000327
444 0.000596
448 0.000769
452 0.000700
456 0.000522
460 0.000399
464 0.000407
468 0.000515
472 0.000703
476 0.000841
480 0.000896
484 0.000883
488 0.000837
492 0.000837
496 0.000941
500 0.001137
504 0.001412
508 0.001737
512 0.002088
516 0.002471
520 0.002918
524 0.003363
528 0.003830
532 0.004281
536 0.004635
540 0.004897
544 0.005036
548 0.005104
552 0.005162
556 0.005141
560 0.005062
564 0.004826
568 0.004511
572 0.004162
576 0.003762
580 0.003355
584 0.002926
588 0.002494
592 0.002093
596 0.001714
600 0.001328
604 0.000952
608 0.000671
612 0.000474
616 0.000338
620 0.000260
624 0.000199
628 0.000156
632 0.000132
636 0.000118
640 0.000109
644 0.000086
648 0.000075
652 0.000069
656 0.000063
660 0.000055
664 0.000051
668 0.000043
672 0.000049
676 0.000052
680 0.000047
684 0.000055
688 0.000058
692 0.000047
696 0.000057
700 0.000047
704 0.000045
708 0.000051
712 0.000053
716 0.000045
720 0.000041
724 0.000031
728 0.000035
732 0.000021
736 0.000008
740 0.000013
744 0.000013
748 0.000024
752 0.000016
756 0.000026
760 0.000015
764 0.000016
768 0.000061
772 0.000051
776 0.000045
780 0.000051
