380 0.000022
384 0.000004
388 0.000003
392 0.000043
396 0.000030
400 0.000041
404 0.000050
408 0.000040
412 0.000031
416 0.000062
420 0.000171
424 0.000383
428 0.000802
432 0.001564
436 0.002920
440 0.005185
444 0.008348
448 0.010760
452 0.010870
456 0.009111
460 0.006935
464 0.005320
468 0.004164
472 0.003288
476 0.002700
480 0.002352
484 0.002002
488 0.001745
492 0.001664
496 0.001751
500 0.002045
504 0.002429
508 0.002868
512 0.003338
516 0.003792
520 0.004288
524 0.004733
528 0.005158
532 0.005525
536 0.005735
540 0.005819
544 0.005716
548 0.005609
552 0.005503
556 0.005353
560 0.005166
564 0.004866
568 0.004538
572 0.004298
576 0.004279
580 0.004574
584 0.005007
588 0.005206
592 0.005153
596 0.004902
600 0.004522
604 0.004027
608 0.003582
612 0.003171
616 0.002831
620 0.002541
624 0.002263
628 0.002064
632 0.001888
636 0.001708
640 0.001550
644 0.001410
648 0.001248
652 0.001108
656 0.001010
660 0.000878
664 0.000795
668 0.000715
672 0.000658
676 0.000592
680 0.000530
684 0.000491
688 0.000466
692 0.000422
696 0.000352
700 0.000323
704 0.000281
708 0.000266
712 0.000251
716 0.000201
720 0.000189
724 0.000176
728 0.000143
732 0.000133
736 0.000076
740 0.000073
744 0.000104
748 0.000092
752 0.000056
756 0.000069
760 0.000069
764 0.000080
768 0.000103
772 0.000084
776 0.000058
780 0.000033
