380 0.000005
384 0.000001
388 0.000000
392 0.000000
396 0.000001
400 0.000003
404 0.000001
408 0.000003
412 0.000004
416 0.000002
420 0.000007
424 0.000011
428 0.000019
432 0.000032
436 0.000061
440 0.000124
444 0.000218
448 0.000274
452 0.000251
456 0.000191
460 0.000147
464 0.000142
468 0.000174
472 0.000228
476 0.000268
480 0.000287
484 0.000283
488 0.000267
492 0.000268
496 0.000300
500 0.000365
504 0.000451
508 0.000552
512 0.000665
516 0.000789
520 0.000932
524 0.001074
528 0.001225
532 0.001370
536 0.001483
540 0.001566
544 0.001613
548 0.001637
552 0.001656
556 0.001653
560 0.001628
564 0.001555
568 0.001458
572 0.001343
576 0.001219
580 0.001094
584 0.000961
588 0.000827
592 0.000702
596 0.000577
600 0.000456
604 0.000335
608 0.000246
612 0.000183
616 0.000138
620 0.000107
624 0.000086
628 0.000073
632 0.000063
636 0.000057
640 0.000051
644 0.000046
648 0.000036
652 0.000032
656 0.000031
660 0.000027
664 0.000028
668 0.000026
672 0.000026
676 0.000025
680 0.000023
684 0.000020
688 0.000023
692 0.000027
696 0.000026
700 0.000022
704 0.000019
708 0.000017
712 0.000016
716 0.000013
720 0.000014
724 0.000013
728 0.000016
732 0.000006
736 0.000006
740 0.000011
744 0.000004
748 0.000004
752 0.000008
756 0.000012
760 0.000022
764 0.000016
768 0.000012
772 0.000016
776 0.000012
780 0.000003
