380 0.000011
384 0.000007
388 0.000004
392 0.000006
396 0.000003
400 0.000004
404 0.000003
408 0.000000
412 0.000002
416 0.000006
420 0.000005
424 0.000013
428 0.000023
432 0.000039
436 0.000079
440 0.000164
444 0.000295
448 0.000379
452 0.000350
456 0.000264
460 0.000200
464 0.000201
468 0.000250
472 0.000330
476 0.000392
480 0.000421
484 0.000413
488 0.000391
492 0.000393
496 0.000439
500 0.000533
504 0.000656
508 0.000805
512 0.000972
516 0.001150
520 0.001365
524 0.001574
528 0.001791
532 0.002008
536 0.002173
540 0.002299
544 0.002362
548 0.002399
552 0.002429
556 0.002425
560 0.002387
564 0.002277
568 0.002133
572 0.001967
576 0.001782
580 0.001597
584 0.001397
588 0.001199
592 0.001013
596 0.000830
600 0.000652
604 0.000472
608 0.000339
612 0.000248
616 0.000186
620 0.000144
624 0.000110
628 0.000090
632 0.000077
636 0.000066
640 0.000057
644 0.000052
648 0.000045
652 0.000035
656 0.000036
660 0.000032
664 0.000030
668 0.000030
672 0.000027
676 0.000030
680 0.000026
684 0.000027
688 0.000033
692 0.000035
696 0.000030
700 0.000029
704 0.000029
708 0.000023
712 0.000014
716 0.000015
720 0.000017
724 0.000023
728 0.000016
732 0.000013
736 0.000011
740 0.000009
744 0.000005
748 0.000006
752 0.000010
756 0.000009
760 0.000007
764 0.000010
768 0.000005
772 0.000027
776 0.000012
780 0.000010
