380 0.000018
384 0.000021
388 0.000003
392 0.000002
396 0.000006
400 0.000005
404 0.000004
408 0.000008
412 0.000007
416 0.000008
420 0.000011
424 0.000013
428 0.000031
432 0.000060
436 0.000118
440 0.000241
444 0.000440
448 0.000564
452 0.000527
456 0.000397
460 0.000304
464 0.000306
468 0.000383
472 0.000521
476 0.000611
480 0.000658
484 0.000643
488 0.000611
492 0.000610
496 0.000685
500 0.000829
504 0.001029
508 0.001263
512 0.001528
516 0.001807
520 0.002146
524 0.002468
528 0.002812
532 0.003149
536 0.003408
540 0.003599
544 0.003706
548 0.003766
552 0.003810
556 0.003797
560 0.003734
564 0.003566
568 0.003339
572 0.003072
576 0.002779
580 0.002487
584 0.002172
588 0.001856
592 0.001566
596 0.001278
600 0.000994
604 0.000722
608 0.000513
612 0.000368
616 0.000271
620 0.000207
624 0.000158
628 0.000129
632 0.000109
636 0.000094
640 0.000085
644 0.000078
648 0.000061
652 0.000053
656 0.000040
660 0.000034
664 0.000029
668 0.000040
672 0.000042
676 0.000044
680 0.000044
684 0.000038
688 0.000047
692 0.000039
696 0.000048
700 0.000045
704 0.000041
708 0.000036
712 0.000032
716 0.000028
720 0.000041
724 0.000030
728 0.000018
732 0.000020
736 0.000027
740 0.000028
744 0.000022
748 0.000036
752 0.000022
756 0.000021
760 0.000008
764 0.000019
768 0.000008
772 0.000033
776 0.000035
780 0.000013
