380 0.000005
384 0.000010
388 0.000016
392 0.000024
396 0.000023
400 0.000006
404 0.000015
408 0.000023
412 0.000033
416 0.000054
420 0.000126
424 0.000295
428 0.000603
432 0.001146
436 0.002091
440 0.003623
444 0.005752
448 0.007375
452 0.007436
456 0.006240
460 0.004751
464 0.003641
468 0.002850
472 0.002255
476 0.001855
480 0.001591
484 0.001366
488 0.001195
492 0.001131
496 0.001196
500 0.001397
504 0.001664
508 0.001970
512 0.002294
516 0.002600
520 0.002938
524 0.003242
528 0.003541
532 0.003793
536 0.003923
540 0.003981
544 0.003917
548 0.003841
552 0.003783
556 0.003682
560 0.003558
564 0.003337
568 0.003130
572 0.002970
576 0.002948
580 0.003125
584 0.003429
588 0.003576
592 0.003545
596 0.003373
600 0.003110
604 0.002786
608 0.002472
612 0.002193
616 0.001963
620 0.001762
624 0.001571
628 0.001427
632 0.001305
636 0.001185
640 0.001081
644 0.000964
648 0.000868
652 0.000774
656 0.000700
660 0.000627
664 0.000558
668 0.000518
672 0.000471
676 0.000413
680 0.000383
684 0.000358
688 0.000317
692 0.000286
696 0.000241
700 0.000220
704 0.000208
708 0.000179
712 0.000158
716 0.000141
720 0.000118
724 0.000100
728 0.000105
732 0.000091
736 0.000095
740 0.000094
744 0.000080
748 0.000075
752 0.000034
756 0.000033
760 0.000027
764 0.000038
768 0.000047
772 0.000056
776 0.000054
780 0.000040
