380 0.000001
384 0.000001
388 0.000003
392 0.000002
396 0.000002
400 0.000007
404 0.000008
408 0.000009
412 0.000015
416 0.000028
420 0.000064
424 0.000124
428 0.000235
432 0.000417
436 0.000726
440 0.001205
444 0.001850
448 0.002321
452 0.002313
456 0.001927
460 0.001462
464 0.001116
468 0.000874
472 0.000694
476 0.000572
480 0.000495
484 0.000429
488 0.000380
492 0.000363
496 0.000387
500 0.000451
504 0.000537
508 0.000639
512 0.000744
516 0.000845
520 0.000954
524 0.001053
528 0.001147
532 0.001231
536 0.001278
540 0.001298
544 0.001279
548 0.001254
552 0.001235
556 0.001206
560 0.001169
564 0.001105
568 0.001038
572 0.000984
576 0.000972
580 0.001020
584 0.001101
588 0.001136
592 0.001122
596 0.001066
600 0.000981
604 0.000881
608 0.000781
612 0.000695
616 0.000624
620 0.000560
624 0.000500
628 0.000455
632 0.000417
636 0.000380
640 0.000343
644 0.000309
648 0.000278
652 0.000251
656 0.000227
660 0.000200
664 0.000177
668 0.000164
672 0.000151
676 0.000137
680 0.000125
684 0.000116
688 0.000109
692 0.000096
696 0.000082
700 0.000073
704 0.000063
708 0.000057
712 0.000049
716 0.000045
720 0.000036
724 0.000035
728 0.000033
732 0.000027
736 0.000024
740 0.000014
744 0.000020
748 0.000032
752 0.000025
756 0.000024
760 0.000035
764 0.000021
768 0.000005
772 0.000007
776 0.000005
780 0.000012
