380 0.000054
384 0.000042
388 0.000038
392 0.000035
396 0.000007
400 0.000018
404 0.000017
408 0.000029
412 0.000037
416 0.000069
420 0.000171
424 0.000342
428 0.000679
432 0.001300
436 0.002382
440 0.004122
444 0.006564
448 0.008421
452 0.008497
456 0.007131
460 0.005431
464 0.004154
468 0.003245
472 0.002564
476 0.002116
480 0.001826
484 0.001571
488 0.001372
492 0.001299
496 0.001379
500 0.001607
504 0.001908
508 0.002261
512 0.002632
516 0.002983
520 0.003368
524 0.003716
528 0.004054
532 0.004342
536 0.004502
540 0.004575
544 0.004501
548 0.004405
552 0.004332
556 0.004226
560 0.004073
564 0.003827
568 0.003595
572 0.003407
576 0.003379
580 0.003599
584 0.003934
588 0.004108
592 0.004069
596 0.003882
600 0.003574
604 0.003194
608 0.002834
612 0.002510
616 0.002251
620 0.002030
624 0.001808
628 0.001643
632 0.001497
636 0.001370
640 0.001249
644 0.001114
648 0.000998
652 0.000885
656 0.000805
660 0.000708
664 0.000634
668 0.000587
672 0.000535
676 0.000491
680 0.000448
684 0.000410
688 0.000374
692 0.000341
696 0.000295
700 0.000254
704 0.000230
708 0.000221
712 0.000193
716 0.000156
720 0.000139
724 0.000145
728 0.000129
732 0.000107
736 0.000110
740 0.000115
744 0.000071
748 0.000060
752 0.000042
756 0.000089
760 0.000094
764 0.000073
768 0.000020
772 0.000031
776 0.000010
780 0.000080
