380 0.000002
384 0.000006
388 0.000004
392 0.000023
396 0.000010
400 0.000015
404 0.000010
408 0.000013
412 0.000039
416 0.000049
420 0.000109
424 0.000237
428 0.000465
432 0.000870
436 0.001563
440 0.002688
444 0.004246
448 0.005419
452 0.005460
456 0.004579
460 0.003495
464 0.002680
468 0.002091
472 0.001656
476 0.001357
480 0.001175
484 0.001015
488 0.000885
492 0.000839
496 0.000890
500 0.001041
504 0.001241
508 0.001471
512 0.001700
516 0.001930
520 0.002190
524 0.002414
528 0.002631
532 0.002824
536 0.002931
540 0.002969
544 0.002927
548 0.002869
552 0.002820
556 0.002749
560 0.002656
564 0.002503
568 0.002344
572 0.002221
576 0.002200
580 0.002334
584 0.002544
588 0.002648
592 0.002623
596 0.002502
600 0.002305
604 0.002057
608 0.001828
612 0.001625
616 0.001450
620 0.001303
624 0.001165
628 0.001063
632 0.000966
636 0.000876
640 0.000801
644 0.000724
648 0.000645
652 0.000580
656 0.000523
660 0.000466
664 0.000409
668 0.000376
672 0.000345
676 0.000316
680 0.000293
684 0.000264
688 0.000242
692 0.000215
696 0.000191
700 0.000184
704 0.000159
708 0.000133
712 0.000121
716 0.000109
720 0.000090
724 0.000087
728 0.000087
732 0.000072
736 0.000059
740 0.000066
744 0.000065
748 0.000052
752 0.000044
756 0.000045
760 0.000029
764 0.000045
768 0.000025
772 0.000043
776 0.000032
780 0.000014
