380 0.000015
384 0.000027
388 0.000013
392 0.000004
396 0.000017
400 0.000012
404 0.000010
408 0.000014
412 0.000022
416 0.000037
420 0.000088
424 0.000180
428 0.000344
432 0.000624
436 0.001107
440 0.001877
444 0.002941
448 0.003728
452 0.003742
456 0.003132
460 0.002382
464 0.001824
468 0.001425
472 0.001130
476 0.000934
480 0.000806
484 0.000698
488 0.000608
492 0.000580
496 0.000612
500 0.000716
504 0.000863
508 0.001018
512 0.001178
516 0.001342
520 0.001522
524 0.001675
528 0.001831
532 0.001960
536 0.002037
540 0.002067
544 0.002035
548 0.001994
552 0.001962
556 0.001914
560 0.001850
564 0.001751
568 0.001639
572 0.001550
576 0.001537
580 0.001627
584 0.001760
588 0.001818
592 0.001798
596 0.001711
600 0.001581
604 0.001415
608 0.001256
612 0.001118
616 0.001002
620 0.000893
624 0.000802
628 0.000731
632 0.000665
636 0.000600
640 0.000546
644 0.000496
648 0.000448
652 0.000397
656 0.000362
660 0.000312
664 0.000290
668 0.000262
672 0.000236
676 0.000213
680 0.000199
684 0.000190
688 0.000172
692 0.000155
696 0.000129
700 0.000110
704 0.000099
708 0.000087
712 0.000093
716 0.000086
720 0.000062
724 0.000063
728 0.000049
732 0.000041
736 0.000039
740 0.000052
744 0.000060
748 0.000054
752 0.000051
756 0.000034
760 0.000036
764 0.000044
768 0.000032
772 0.000037
776 0.000023
780 0.000008
