380 0.000000
384 0.000003
388 0.000001
392 0.000000
396 0.000000
400 0.000000
404 0.000000
408 0.000001
412 0.000001
416 0.000000
420 0.000001
424 0.000001
428 0.000003
432 0.000004
436 0.000007
440 0.000009
444 0.000011
448 0.000013
452 0.000011
456 0.000008
460 0.000006
464 0.000004
468 0.000003
472 0.000002
476 0.000002
480 0.000002
484 0.000001
488 0.000002
492 0.000002
496 0.000003
500 0.000003
504 0.000004
508 0.000004
512 0.000005
516 0.000005
520 0.000007
524 0.000007
528 0.000008
532 0.000009
536 0.000009
540 0.000009
544 0.000008
548 0.000009
552 0.000010
556 0.000010
560 0.000010
564 0.000010
568 0.000011
572 0.000011
576 0.000010
580 0.000009
584 0.000009
588 0.000010
592 0.000009
596 0.000009
600 0.000009
604 0.000008
608 0.000008
612 0.000008
616 0.000007
620 0.000007
624 0.000006
628 0.000005
632 0.000005
636 0.000005
640 0.000005
644 0.000005
648 0.000005
652 0.000005
656 0.000003
660 0.000002
664 0.000003
668 0.000002
672 0.000003
676 0.000002
680 0.000001
684 0.000001
688 0.000001
692 0.000001
696 0.000002
700 0.000001
704 0.000001
708 0.000000
712 0.000000
716 0.000001
720 0.000001
724 0.000000
728 0.000000
732 0.000000
736 0.000000
740 0.000000
744 0.000000
748 0.000000
752 0.000000
756 0.000000
760 0.000001
764 0.000001
768 0.000000
772 0.000000
776 0.000000
780 0.000001
