380 0.000002
384 0.000001
388 0.000000
392 0.000000
396 0.000000
400 0.000000
404 0.000001
408 0.000002
412 0.000007
416 0.000015
420 0.000031
424 0.000056
428 0.000087
432 0.000130
436 0.000186
440 0.000252
444 0.000315
448 0.000330
452 0.000291
456 0.000225
460 0.000161
464 0.000117
468 0.000088
472 0.000069
476 0.000056
480 0.000050
484 0.000045
488 0.000042
492 0.000043
496 0.000050
500 0.000062
504 0.000075
508 0.000088
512 0.000100
516 0.000112
520 0.000123
524 0.000133
528 0.000142
532 0.000151
536 0.000155
540 0.000157
544 0.000155
548 0.000152
552 0.000151
556 0.000150
560 0.000148
564 0.000144
568 0.000139
572 0.000134
576 0.000131
580 0.000131
584 0.000132
588 0.000132
592 0.000130
596 0.000124
600 0.000117
604 0.000108
608 0.000099
612 0.000091
616 0.000085
620 0.000078
624 0.000070
628 0.000065
632 0.000061
636 0.000058
640 0.000053
644 0.000048
648 0.000043
652 0.000039
656 0.000035
660 0.000032
664 0.000030
668 0.000026
672 0.000024
676 0.000021
680 0.000020
684 0.000019
688 0.000017
692 0.000015
696 0.000012
700 0.000011
704 0.000010
708 0.000009
712 0.000008
716 0.000008
720 0.000007
724 0.000005
728 0.000004
732 0.000006
736 0.000004
740 0.000003
744 0.000002
748 0.000002
752 0.000000
756 0.000002
760 0.000005
764 0.000003
768 0.000009
772 0.000002
776 0.000002
780 0.000008
