380 0.000000
384 0.000001
388 0.000000
392 0.000000
396 0.000000
400 0.000001
404 0.000002
408 0.000002
412 0.000007
416 0.000016
420 0.000033
424 0.000058
428 0.000097
432 0.000146
436 0.000215
440 0.000303
444 0.000400
448 0.000441
452 0.000403
456 0.000319
460 0.000233
464 0.000172
468 0.000132
472 0.000103
476 0.000085
480 0.000075
484 0.000066
488 0.000061
492 0.000062
496 0.000070
500 0.000084
504 0.000100
508 0.000119
512 0.000137
516 0.000154
520 0.000171
524 0.000186
528 0.000200
532 0.000213
536 0.000220
540 0.000223
544 0.000221
548 0.000217
552 0.000215
556 0.000211
560 0.000208
564 0.000200
568 0.000192
572 0.000184
576 0.000181
580 0.000184
584 0.000188
588 0.000189
592 0.000186
596 0.000179
600 0.000167
604 0.000152
608 0.000139
612 0.000126
616 0.000114
620 0.000105
624 0.000095
628 0.000087
632 0.000081
636 0.000075
640 0.000068
644 0.000063
648 0.000056
652 0.000051
656 0.000046
660 0.000042
664 0.000038
668 0.000035
672 0.000031
676 0.000028
680 0.000026
684 0.000024
688 0.000022
692 0.000020
696 0.000019
700 0.000016
704 0.000015
708 0.000011
712 0.000010
716 0.000010
720 0.000008
724 0.000009
728 0.000008
732 0.000008
736 0.000007
740 0.000005
744 0.000008
748 0.000007
752 0.000005
756 0.000001
760 0.000004
764 0.000003
768 0.000005
772 0.000003
776 0.000006
780 0.000011
