380 0.000008
384 0.000007
388 0.000002
392 0.000000
396 0.000001
400 0.000005
404 0.000004
408 0.000004
412 0.000010
416 0.000022
420 0.000045
424 0.000086
428 0.000156
432 0.000263
436 0.000435
440 0.000695
444 0.001029
448 0.001254
452 0.001232
456 0.001017
460 0.000767
464 0.000584
468 0.000455
472 0.000362
476 0.000297
480 0.000260
484 0.000225
488 0.000200
492 0.000194
496 0.000209
500 0.000246
504 0.000294
508 0.000349
512 0.000404
516 0.000457
520 0.000516
524 0.000568
528 0.000619
532 0.000664
536 0.000689
540 0.000700
544 0.000692
548 0.000679
552 0.000669
556 0.000655
560 0.000636
564 0.000603
568 0.000568
572 0.000540
576 0.000532
580 0.000557
584 0.000595
588 0.000610
592 0.000601
596 0.000573
600 0.000530
604 0.000475
608 0.000426
612 0.000379
616 0.000340
620 0.000306
624 0.000274
628 0.000249
632 0.000228
636 0.000210
640 0.000190
644 0.000172
648 0.000155
652 0.000140
656 0.000126
660 0.000112
664 0.000100
668 0.000091
672 0.000083
676 0.000077
680 0.000070
684 0.000061
688 0.000057
692 0.000052
696 0.000045
700 0.000040
704 0.000035
708 0.000034
712 0.000028
716 0.000026
720 0.000024
724 0.000023
728 0.000017
732 0.000015
736 0.000013
740 0.000013
744 0.000013
748 0.000014
752 0.000017
756 0.000012
760 0.000015
764 0.000011
768 0.000008
772 0.000011
776 0.000015
780 0.000012
