380 0.000000
384 0.000000
388 0.000001
392 0.000002
396 0.000001
400 0.000001
404 0.000001
408 0.000002
412 0.000002
416 0.000003
420 0.000005
424 0.000009
428 0.000016
432 0.000025
436 0.000043
440 0.000076
444 0.000124
448 0.000150
452 0.000137
456 0.000106
460 0.000081
464 0.000076
468 0.000086
472 0.000108
476 0.000124
480 0.000131
484 0.000128
488 0.000122
492 0.000123
496 0.000138
500 0.000167
504 0.000207
508 0.000254
512 0.000305
516 0.000359
520 0.000424
524 0.000486
528 0.000553
532 0.000618
536 0.000669
540 0.000707
544 0.000726
548 0.000736
552 0.000746
556 0.000745
560 0.000734
564 0.000701
568 0.000659
572 0.000610
576 0.000556
580 0.000501
584 0.000443
588 0.000385
592 0.000332
596 0.000278
600 0.000223
604 0.000171
608 0.000130
612 0.000101
616 0.000081
620 0.000067
624 0.000055
628 0.000048
632 0.000044
636 0.000041
640 0.000037
644 0.000032
648 0.000030
652 0.000026
656 0.000023
660 0.000021
664 0.000019
668 0.000018
672 0.000016
676 0.000014
680 0.000016
684 0.000016
688 0.000015
692 0.000014
696 0.000012
700 0.000013
704 0.000013
708 0.000011
712 0.000009
716 0.000009
720 0.000008
724 0.000005
728 0.000005
732 0.000004
736 0.000003
740 0.000005
744 0.000006
748 0.000006
752 0.000001
756 0.000002
760 0.000003
764 0.000004
768 0.000003
772 0.000006
776 0.000008
780 0.000004
