380 0.000024
384 0.000009
388 0.000006
392 0.000012
396 0.000015
400 0.000010
404 0.000004
408 0.000005
412 0.000016
416 0.000003
420 0.000018
424 0.000014
428 0.000031
432 0.000059
436 0.000124
440 0.000277
444 0.000512
448 0.000666
452 0.000608
456 0.000455
460 0.000351
464 0.000352
468 0.000443
472 0.000602
476 0.000718
480 0.000775
484 0.000763
488 0.000725
492 0.000727
496 0.000811
500 0.000984
504 0.001203
508 0.001482
512 0.001790
516 0.002118
520 0.002510
524 0.002886
528 0.003287
532 0.003682
536 0.003985
540 0.004213
544 0.004338
548 0.004405
552 0.004462
556 0.004443
560 0.004367
564 0.004165
568 0.003898
572 0.003596
576 0.003247
580 0.002900
584 0.002527
588 0.002166
592 0.001824
596 0.001481
600 0.001152
604 0.000836
608 0.000592
612 0.000420
616 0.000311
620 0.000228
624 0.000174
628 0.000143
632 0.000120
636 0.000106
640 0.000087
644 0.000070
648 0.000066
652 0.000052
656 0.000041
660 0.000040
664 0.000033
668 0.000039
672 0.000038
676 0.000040
680 0.000045
684 0.000039
688 0.000050
692 0.000045
696 0.000060
700 0.000049
704 0.000048
708 0.000042
712 0.000042
716 0.000031
720 0.000029
724 0.000021
728 0.000027
732 0.000029
736 0.000023
740 0.000022
744 0.000011
748 0.000020
752 0.000035
756 0.000047
760 0.000059
764 0.000047
768 0.000030
772 0.000048
776 0.000023
780 0.000037
