380 0.000067
384 0.000039
388 0.000013
392 0.000014
396 0.000012
400 0.000021
404 0.000017
408 0.000013
412 0.000043
416 0.000089
420 0.000173
424 0.000390
428 0.000816
432 0.001571
436 0.002945
440 0.005210
444 0.008370
448 0.010790
452 0.010890
456 0.009133
460 0.006961
464 0.005331
468 0.004169
472 0.003298
476 0.002694
480 0.002345
484 0.002017
488 0.001755
492 0.001652
496 0.001760
500 0.002050
504 0.002434
508 0.002876
512 0.003344
516 0.003790
520 0.004292
524 0.004742
528 0.005179
532 0.005540
536 0.005743
540 0.005826
544 0.005732
548 0.005617
552 0.005517
556 0.005368
560 0.005183
564 0.004871
568 0.004546
572 0.004309
576 0.004278
580 0.004571
584 0.005008
588 0.005215
592 0.005160
596 0.004907
600 0.004532
604 0.004049
608 0.003597
612 0.003187
616 0.002843
620 0.002537
624 0.002272
628 0.002085
632 0.001901
636 0.001719
640 0.001557
644 0.001403
648 0.001257
652 0.001116
656 0.000999
660 0.000891
664 0.000791
668 0.000721
672 0.000677
676 0.000619
680 0.000559
684 0.000506
688 0.000450
692 0.000411
696 0.000377
700 0.000317
704 0.000283
708 0.000261
712 0.000241
716 0.000225
720 0.000183
724 0.000167
728 0.000157
732 0.000111
736 0.000116
740 0.000082
744 0.000077
748 0.000094
752 0.000046
756 0.000106
760 0.000104
764 0.000056
768 0.000043
772 0.000064
776 0.000048
780 0.000101
