380 0.000000
384 0.000001
388 0.000000
392 0.000001
396 0.000000
400 0.000000
404 0.000000
408 0.000001
412 0.000002
416 0.000002
420 0.000004
424 0.000006
428 0.000012
432 0.000019
436 0.000029
440 0.000043
444 0.000060
448 0.000067
452 0.000061
456 0.000048
460 0.000035
464 0.000028
468 0.000025
472 0.000026
476 0.000026
480 0.000027
484 0.000025
488 0.000025
492 0.000025
496 0.000029
500 0.000035
504 0.000043
508 0.000051
512 0.000059
516 0.000069
520 0.000079
524 0.000089
528 0.000099
532 0.000109
536 0.000116
540 0.000121
544 0.000124
548 0.000126
552 0.000127
556 0.000127
560 0.000126
564 0.000122
568 0.000117
572 0.000110
576 0.000105
580 0.000099
584 0.000094
588 0.000087
592 0.000081
596 0.000073
600 0.000066
604 0.000059
608 0.000051
612 0.000046
616 0.000042
620 0.000039
624 0.000036
628 0.000033
632 0.000031
636 0.000030
640 0.000028
644 0.000024
648 0.000022
652 0.000019
656 0.000017
660 0.000017
664 0.000016
668 0.000015
672 0.000013
676 0.000012
680 0.000012
684 0.000011
688 0.000009
692 0.000007
696 0.000007
700 0.000007
704 0.000006
708 0.000004
712 0.000003
716 0.000004
720 0.000003
724 0.000002
728 0.000002
732 0.000004
736 0.000002
740 0.000004
744 0.000001
748 0.000001
752 0.000001
756 0.000001
760 0.000003
764 0.000002
768 0.000002
772 0.000001
776 0.000006
780 0.000004
