380 0.000003
384 0.000001
388 0.000002
392 0.000001
396 0.000001
400 0.000003
404 0.000001
408 0.000002
412 0.000002
416 0.000005
420 0.000006
424 0.000012
428 0.000015
432 0.000027
436 0.000050
440 0.000091
444 0.000150
448 0.000187
452 0.000170
456 0.000130
460 0.000100
464 0.000095
468 0.000112
472 0.000143
476 0.000166
480 0.000176
484 0.000172
488 0.000164
492 0.000165
496 0.000184
500 0.000226
504 0.000279
508 0.000342
512 0.000412
516 0.000486
520 0.000574
524 0.000661
528 0.000752
532 0.000841
536 0.000909
540 0.000960
544 0.000990
548 0.001003
552 0.001015
556 0.001014
560 0.000998
564 0.000955
568 0.000895
572 0.000827
576 0.000753
580 0.000678
584 0.000596
588 0.000517
592 0.000441
596 0.000366
600 0.000293
604 0.000220
608 0.000164
612 0.000125
616 0.000098
620 0.000080
624 0.000066
628 0.000056
632 0.000051
636 0.000045
640 0.000041
644 0.000036
648 0.000032
652 0.000028
656 0.000025
660 0.000024
664 0.000022
668 0.000020
672 0.000019
676 0.000018
680 0.000016
684 0.000015
688 0.000016
692 0.000018
696 0.000017
700 0.000015
704 0.000017
708 0.000012
712 0.000010
716 0.000011
720 0.000013
724 0.000008
728 0.000004
732 0.000006
736 0.000007
740 0.000007
744 0.000009
748 0.000007
752 0.000009
756 0.000009
760 0.000008
764 0.000004
768 0.000001
772 0.000005
776 0.000011
780 0.000011
