380 0.000004
384 0.000005
388 0.000007
392 0.000002
396 0.000001
400 0.000002
404 0.000003
408 0.000006
412 0.000004
416 0.000006
420 0.000011
424 0.000008
428 0.000016
432 0.000035
436 0.000071
440 0.000143
444 0.000255
448 0.000324
452 0.000299
456 0.000227
460 0.000172
464 0.000169
468 0.000209
472 0.000276
476 0.000327
480 0.000352
484 0.000344
488 0.000324
492 0.000329
496 0.000368
500 0.000445
504 0.000549
508 0.000673
512 0.000812
516 0.000963
520 0.001140
524 0.001314
528 0.001498
532 0.001675
536 0.001811
540 0.001916
544 0.001975
548 0.002003
552 0.002027
556 0.002025
560 0.001991
564 0.001900
568 0.001779
572 0.001640
576 0.001487
580 0.001331
584 0.001168
588 0.001005
592 0.000850
596 0.000698
600 0.000549
604 0.000400
608 0.000292
612 0.000213
616 0.000160
620 0.000124
624 0.000097
628 0.000082
632 0.000070
636 0.000064
640 0.000056
644 0.000049
648 0.000043
652 0.000039
656 0.000032
660 0.000031
664 0.000027
668 0.000026
672 0.000025
676 0.000024
680 0.000028
684 0.000027
688 0.000024
692 0.000026
696 0.000025
700 0.000029
704 0.000026
708 0.000019
712 0.000020
716 0.000013
720 0.000016
724 0.000020
728 0.000013
732 0.000010
736 0.000016
740 0.000012
744 0.000014
748 0.000009
752 0.000012
756 0.000010
760 0.000007
764 0.000010
768 0.000017
772 0.000021
776 0.000008
780 0.000023
