380 0.000004
384 0.000063
388 0.000019
392 0.000029
396 0.000041
400 0.000029
404 0.000023
408 0.000042
412 0.000052
416 0.000058
420 0.000164
424 0.000392
428 0.000799
432 0.001580
436 0.002954
440 0.005210
444 0.008386
448 0.010800
452 0.010890
456 0.009142
460 0.006973
464 0.005353
468 0.004182
472 0.003308
476 0.002703
480 0.002328
484 0.002007
488 0.001755
492 0.001656
496 0.001753
500 0.002041
504 0.002429
508 0.002876
512 0.003346
516 0.003803
520 0.004300
524 0.004732
528 0.005169
532 0.005541
536 0.005750
540 0.005827
544 0.005742
548 0.005615
552 0.005505
556 0.005362
560 0.005178
564 0.004870
568 0.004542
572 0.004319
576 0.004291
580 0.004570
584 0.005013
588 0.005218
592 0.005167
596 0.004909
600 0.004529
604 0.004042
608 0.003585
612 0.003175
616 0.002850
620 0.002556
624 0.002280
628 0.002081
632 0.001910
636 0.001720
640 0.001564
644 0.001411
648 0.001267
652 0.001135
656 0.001023
660 0.000907
664 0.000810
668 0.000728
672 0.000675
676 0.000585
680 0.000538
684 0.000498
688 0.000467
692 0.000409
696 0.000346
700 0.000322
704 0.000299
708 0.000264
712 0.000222
716 0.000201
720 0.000180
724 0.000148
728 0.000143
732 0.000142
736 0.000108
740 0.000116
744 0.000130
748 0.000116
752 0.000095
756 0.000131
760 0.000073
764 0.000093
768 0.000036
772 0.000042
776 0.000035
780 0.000073
