380 0.000000
384 0.000000
388 0.000000
392 0.000000
396 0.000000
400 0.000000
404 0.000000
408 0.000000
412 0.000002
416 0.000002
420 0.000003
424 0.000007
428 0.000011
432 0.000017
436 0.000026
440 0.000039
444 0.000052
448 0.000056
452 0.000050
456 0.000040
460 0.000030
464 0.000022
468 0.000017
472 0.000014
476 0.000012
480 0.000011
484 0.000011
488 0.000011
492 0.000012
496 0.000013
500 0.000015
504 0.000018
508 0.000022
512 0.000023
516 0.000025
520 0.000028
524 0.000031
528 0.000032
532 0.000034
536 0.000035
540 0.000035
544 0.000036
548 0.000036
552 0.000036
556 0.000036
560 0.000036
564 0.000037
568 0.000036
572 0.000036
576 0.000037
580 0.000040
584 0.000042
588 0.000043
592 0.000043
596 0.000044
600 0.000043
604 0.000042
608 0.000040
612 0.000037
616 0.000036
620 0.000034
624 0.000032
628 0.000031
632 0.000030
636 0.000028
640 0.000025
644 0.000022
648 0.000021
652 0.000020
656 0.000018
660 0.000016
664 0.000014
668 0.000013
672 0.000012
676 0.000011
680 0.000010
684 0.000008
688 0.000007
692 0.000006
696 0.000005
700 0.000004
704 0.000004
708 0.000004
712 0.000002
716 0.000001
720 0.000001
724 0.000000
728 0.000002
732 0.000001
736 0.000000
740 0.000000
744 0.000002
748 0.000001
752 0.000000
756 0.000001
760 0.000002
764 0.000000
768 0.000001
772 0.000001
776 0.000002
780 0.000002
