380 0.000003
384 0.000001
388 0.000001
392 0.000001
396 0.000002
400 0.000001
404 0.000001
408 0.000005
412 0.000012
416 0.000018
420 0.000040
424 0.000073
428 0.000127
432 0.000210
436 0.000338
440 0.000521
444 0.000748
448 0.000892
452 0.000862
456 0.000707
460 0.000530
464 0.000400
468 0.000312
472 0.000246
476 0.000203
480 0.000176
484 0.000154
488 0.000138
492 0.000136
496 0.000146
500 0.000174
504 0.000208
508 0.000246
512 0.000284
516 0.000322
520 0.000363
524 0.000397
528 0.000432
532 0.000462
536 0.000479
540 0.000487
544 0.000480
548 0.000471
552 0.000466
556 0.000457
560 0.000444
564 0.000423
568 0.000399
572 0.000380
576 0.000374
580 0.000387
584 0.000410
588 0.000417
592 0.000410
596 0.000391
600 0.000362
604 0.000325
608 0.000291
612 0.000260
616 0.000234
620 0.000211
624 0.000190
628 0.000174
632 0.000160
636 0.000147
640 0.000135
644 0.000121
648 0.000108
652 0.000098
656 0.000089
660 0.000079
664 0.000071
668 0.000065
672 0.000058
676 0.000054
680 0.000050
684 0.000046
688 0.000040
692 0.000037
696 0.000031
700 0.000029
704 0.000027
708 0.000024
712 0.000022
716 0.000019
720 0.000016
724 0.000014
728 0.000015
732 0.000010
736 0.000010
740 0.000010
744 0.000009
748 0.000011
752 0.000008
756 0.000011
760 0.000008
764 0.000009
768 0.000006
772 0.000009
776 0.000002
780 0.000009
