380 0.000010
384 0.000013
388 0.000006
392 0.000003
396 0.000004
400 0.000003
404 0.000008
408 0.000011
412 0.000018
416 0.000033
420 0.000072
424 0.000148
428 0.000286
432 0.000516
436 0.000912
440 0.001536
444 0.002386
448 0.003016
452 0.003018
456 0.002526
460 0.001921
464 0.001470
468 0.001148
472 0.000908
476 0.000747
480 0.000646
484 0.000557
488 0.000490
492 0.000467
496 0.000496
500 0.000583
504 0.000693
508 0.000821
512 0.000955
516 0.001085
520 0.001228
524 0.001351
528 0.001476
532 0.001580
536 0.001640
540 0.001669
544 0.001642
548 0.001609
552 0.001586
556 0.001546
560 0.001496
564 0.001410
568 0.001322
572 0.001255
576 0.001241
580 0.001309
584 0.001415
588 0.001465
592 0.001447
596 0.001378
600 0.001269
604 0.001134
608 0.001009
612 0.000894
616 0.000802
620 0.000718
624 0.000639
628 0.000583
632 0.000535
636 0.000488
640 0.000440
644 0.000401
648 0.000360
652 0.000321
656 0.000289
660 0.000255
664 0.000226
668 0.000210
672 0.000194
676 0.000177
680 0.000160
684 0.000143
688 0.000135
692 0.000116
696 0.000106
700 0.000096
704 0.000082
708 0.000075
712 0.000070
716 0.000059
720 0.000054
724 0.000045
728 0.000046
732 0.000040
736 0.000036
740 0.000030
744 0.000020
748 0.000022
752 0.000018
756 0.000017
760 0.000027
764 0.000018
768 0.000032
772 0.000033
776 0.000045
780 0.000040
