380 0.000030
384 0.000058
388 0.000015
392 0.000019
396 0.000013
400 0.000013
404 0.000018
408 0.000018
412 0.000025
416 0.000049
420 0.000127
424 0.000265
428 0.000530
432 0.000995
436 0.001816
440 0.003137
444 0.004966
448 0.006353
452 0.006419
456 0.005391
460 0.004105
464 0.003146
468 0.002463
472 0.001944
476 0.001591
480 0.001373
484 0.001188
488 0.001036
492 0.000991
496 0.001046
500 0.001216
504 0.001450
508 0.001721
512 0.001996
516 0.002260
520 0.002561
524 0.002828
528 0.003084
532 0.003306
536 0.003427
540 0.003474
544 0.003423
548 0.003359
552 0.003301
556 0.003213
560 0.003099
564 0.002919
568 0.002737
572 0.002596
576 0.002577
580 0.002741
584 0.002986
588 0.003108
592 0.003085
596 0.002937
600 0.002700
604 0.002415
608 0.002144
612 0.001903
616 0.001706
620 0.001524
624 0.001359
628 0.001247
632 0.001134
636 0.001032
640 0.000937
644 0.000848
648 0.000756
652 0.000676
656 0.000616
660 0.000549
664 0.000494
668 0.000447
672 0.000406
676 0.000369
680 0.000339
684 0.000312
688 0.000280
692 0.000244
696 0.000219
700 0.000199
704 0.000176
708 0.000150
712 0.000137
716 0.000119
720 0.000111
724 0.000110
728 0.000087
732 0.000061
736 0.000058
740 0.000064
744 0.000057
748 0.000056
752 0.000049
756 0.000065
760 0.000050
764 0.000041
768 0.000064
772 0.000043
776 0.000042
780 0.000059
