380 0.000017
384 0.000025
388 0.000015
392 0.000018
396 0.000007
400 0.000008
404 0.000002
408 0.000006
412 0.000019
416 0.000041
420 0.000093
424 0.000204
428 0.000397
432 0.000728
436 0.001312
440 0.002252
444 0.003545
448 0.004507
452 0.004538
456 0.003805
460 0.002898
464 0.002215
468 0.001737
472 0.001370
476 0.001122
480 0.000976
484 0.000842
488 0.000737
492 0.000701
496 0.000751
500 0.000873
504 0.001039
508 0.001229
512 0.001423
516 0.001622
520 0.001835
524 0.002024
528 0.002209
532 0.002367
536 0.002455
540 0.002496
544 0.002466
548 0.002408
552 0.002368
556 0.002307
560 0.002230
564 0.002107
568 0.001974
572 0.001874
576 0.001862
580 0.001972
584 0.002143
588 0.002229
592 0.002208
596 0.002102
600 0.001937
604 0.001732
608 0.001534
612 0.001363
616 0.001225
620 0.001091
624 0.000973
628 0.000895
632 0.000813
636 0.000732
640 0.000672
644 0.000601
648 0.000545
652 0.000487
656 0.000438
660 0.000383
664 0.000346
668 0.000314
672 0.000288
676 0.000271
680 0.000243
684 0.000220
688 0.000201
692 0.000180
696 0.000154
700 0.000139
704 0.000122
708 0.000121
712 0.000105
716 0.000092
720 0.000084
724 0.000067
728 0.000075
732 0.000055
736 0.000051
740 0.000048
744 0.000045
748 0.000056
752 0.000032
756 0.000024
760 0.000033
764 0.000041
768 0.000036
772 0.000042
776 0.000022
780 0.000023
