380 0.000000
384 0.000001
388 0.000003
392 0.000001
396 0.000001
400 0.000000
404 0.000000
408 0.000001
412 0.000000
416 0.000001
420 0.000000
424 0.000002
428 0.000002
432 0.000004
436 0.000007
440 0.000011
444 0.000012
448 0.000012
452 0.000010
456 0.000008
460 0.000005
464 0.000003
468 0.000003
472 0.000003
476 0.000001
480 0.000002
484 0.000001
488 0.000001
492 0.000001
496 0.000002
500 0.000004
504 0.000003
508 0.000005
512 0.000006
516 0.000006
520 0.000006
524 0.000007
528 0.000009
532 0.000009
536 0.000010
540 0.000010
544 0.000009
548 0.000009
552 0.000009
556 0.000010
560 0.000011
564 0.000010
568 0.000011
572 0.000010
576 0.000010
580 0.000009
584 0.000010
588 0.000010
592 0.000010
596 0.000011
600 0.000010
604 0.000008
608 0.000008
612 0.000008
616 0.000008
620 0.000008
624 0.000007
628 0.000006
632 0.000006
636 0.000005
640 0.000005
644 0.000004
648 0.000004
652 0.000003
656 0.000002
660 0.000002
664 0.000002
668 0.000002
672 0.000001
676 0.000002
680 0.000001
684 0.000002
688 0.000003
692 0.000003
696 0.000002
700 0.000002
704 0.000001
708 0.000001
712 0.000000
716 0.000000
720 0.000000
724 0.000001
728 0.000000
732 0.000001
736 0.000001
740 0.000002
744 0.000000
748 0.000001
752 0.000001
756 0.000001
760 0.000000
764 0.000002
768 0.000001
772 0.000003
776 0.000005
780 0.000002
