380 0.000000
384 0.000000
388 0.000000
392 0.000001
396 0.000000
400 0.000000
404 0.000000
408 0.000000
412 0.000000
416 0.000000
420 0.000001
424 0.000000
428 0.000002
432 0.000005
436 0.000008
440 0.000010
444 0.000012
448 0.000012
452 0.000010
456 0.000008
460 0.000006
464 0.000004
468 0.000003
472 0.000001
476 0.000001
480 0.000001
484 0.000002
488 0.000002
492 0.000002
496 0.000002
500 0.000003
504 0.000004
508 0.000005
512 0.000006
516 0.000005
520 0.000006
524 0.000007
528 0.000008
532 0.000009
536 0.000009
540 0.000009
544 0.000009
548 0.000010
552 0.000010
556 0.000010
560 0.000010
564 0.000011
568 0.000010
572 0.000010
576 0.000009
580 0.000009
584 0.000009
588 0.000009
592 0.000009
596 0.000009
600 0.000009
604 0.000009
608 0.000008
612 0.000008
616 0.000008
620 0.000006
624 0.000006
628 0.000005
632 0.000006
636 0.000005
640 0.000005
644 0.000004
648 0.000004
652 0.000004
656 0.000003
660 0.000003
664 0.000002
668 0.000002
672 0.000004
676 0.000002
680 0.000002
684 0.000001
688 0.000001
692 0.000001
696 0.000001
700 0.000000
704 0.000000
708 0.000002
712 0.000002
716 0.000002
720 0.000002
724 0.000001
728 0.000001
732 0.000000
736 0.000000
740 0.000002
744 0.000001
748 0.000001
752 0.000000
756 0.000000
760 0.000000
764 0.000002
768 0.000001
772 0.000000
776 0.000000
780 0.000001
