380 0.000014
384 0.000007
388 0.000003
392 0.000002
396 0.000005
400 0.000001
404 0.000005
408 0.000006
412 0.000010
416 0.000024
420 0.000053
424 0.000101
428 0.000191
432 0.000334
436 0.000569
440 0.000930
444 0.001412
448 0.001751
452 0.001735
456 0.001441
460 0.001090
464 0.000831
468 0.000650
472 0.000515
476 0.000423
480 0.000368
484 0.000319
488 0.000283
492 0.000271
496 0.000293
500 0.000340
504 0.000406
508 0.000481
512 0.000559
516 0.000636
520 0.000718
524 0.000791
528 0.000863
532 0.000925
536 0.000960
540 0.000976
544 0.000960
548 0.000942
552 0.000928
556 0.000907
560 0.000880
564 0.000832
568 0.000781
572 0.000743
576 0.000734
580 0.000770
584 0.000823
588 0.000848
592 0.000837
596 0.000796
600 0.000733
604 0.000657
608 0.000584
612 0.000519
616 0.000467
620 0.000421
624 0.000375
628 0.000343
632 0.000315
636 0.000286
640 0.000260
644 0.000235
648 0.000211
652 0.000189
656 0.000170
660 0.000150
664 0.000137
668 0.000125
672 0.000112
676 0.000102
680 0.000095
684 0.000085
688 0.000083
692 0.000072
696 0.000064
700 0.000056
704 0.000050
708 0.000047
712 0.000041
716 0.000034
720 0.000029
724 0.000029
728 0.000024
732 0.000024
736 0.000022
740 0.000017
744 0.000014
748 0.000014
752 0.000010
756 0.000009
760 0.000015
764 0.000012
768 0.000003
772 0.000012
776 0.000004
780 0.000007
