380 0.000001
384 0.000001
388 0.000000
392 0.000000
396 0.000001
400 0.000001
404 0.000001
408 0.000004
412 0.000008
416 0.000016
420 0.000036
424 0.000065
428 0.000111
432 0.000174
436 0.000266
440 0.000394
444 0.000546
448 0.000629
452 0.000595
456 0.000482
460 0.000358
464 0.000267
468 0.000207
472 0.000162
476 0.000133
480 0.000116
484 0.000103
488 0.000093
492 0.000091
496 0.000102
500 0.000121
504 0.000145
508 0.000171
512 0.000198
516 0.000222
520 0.000249
524 0.000273
528 0.000296
532 0.000315
536 0.000325
540 0.000330
544 0.000326
548 0.000320
552 0.000316
556 0.000311
560 0.000304
564 0.000290
568 0.000276
572 0.000264
576 0.000259
580 0.000265
584 0.000278
588 0.000282
592 0.000277
596 0.000264
600 0.000246
604 0.000223
608 0.000200
612 0.000180
616 0.000163
620 0.000148
624 0.000133
628 0.000122
632 0.000113
636 0.000104
640 0.000095
644 0.000085
648 0.000078
652 0.000070
656 0.000063
660 0.000056
664 0.000050
668 0.000046
672 0.000042
676 0.000039
680 0.000035
684 0.000032
688 0.000030
692 0.000026
696 0.000023
700 0.000022
704 0.000018
708 0.000015
712 0.000015
716 0.000014
720 0.000011
724 0.000008
728 0.000008
732 0.000011
736 0.000010
740 0.000008
744 0.000006
748 0.000003
752 0.000004
756 0.000008
760 0.000007
764 0.000003
768 0.000000
772 0.000001
776 0.000007
780 0.000010
