380 0.000000
384 0.000002
388 0.000000
392 0.000001
396 0.000000
400 0.000000
404 0.000001
408 0.000002
412 0.000005
416 0.000015
420 0.000030
424 0.000053
428 0.000082
432 0.000121
436 0.000168
440 0.000218
444 0.000261
448 0.000261
452 0.000221
456 0.000165
460 0.000115
464 0.000083
468 0.000062
472 0.000047
476 0.000037
480 0.000033
484 0.000031
488 0.000031
492 0.000034
496 0.000039
500 0.000047
504 0.000058
508 0.000067
512 0.000077
516 0.000085
520 0.000093
524 0.000100
528 0.000106
532 0.000111
536 0.000113
540 0.000114
544 0.000113
548 0.000112
552 0.000111
556 0.000111
560 0.000110
564 0.000108
568 0.000106
572 0.000102
576 0.000099
580 0.000098
584 0.000097
588 0.000095
592 0.000092
596 0.000089
600 0.000085
604 0.000080
608 0.000074
612 0.000069
616 0.000063
620 0.000060
624 0.000055
628 0.000051
632 0.000048
636 0.000044
640 0.000041
644 0.000038
648 0.000035
652 0.000032
656 0.000029
660 0.000025
664 0.000023
668 0.000022
672 0.000021
676 0.000019
680 0.000018
684 0.000016
688 0.000014
692 0.000013
696 0.000012
700 0.000010
704 0.000010
708 0.000007
712 0.000005
716 0.000005
720 0.000005
724 0.000004
728 0.000001
732 0.000004
736 0.000004
740 0.000002
744 0.000002
748 0.000004
752 0.000001
756 0.000005
760 0.000004
764 0.000003
768 0.000001
772 0.000006
776 0.000005
780 0.000008
