380 0.000017
384 0.000042
388 0.000005
392 0.000014
396 0.000020
400 0.000035
404 0.000031
408 0.000033
412 0.000029
416 0.000075
420 0.000173
424 0.000384
428 0.000782
432 0.001483
436 0.002725
440 0.004738
444 0.007562
448 0.009698
452 0.009797
456 0.008222
460 0.006270
464 0.004802
468 0.003760
472 0.002963
476 0.002434
480 0.002100
484 0.001815
488 0.001587
492 0.001513
496 0.001593
500 0.001851
504 0.002207
508 0.002615
512 0.003042
516 0.003449
520 0.003900
524 0.004300
528 0.004696
532 0.005038
536 0.005233
540 0.005306
544 0.005222
548 0.005116
552 0.005023
556 0.004895
560 0.004730
564 0.004449
568 0.004163
572 0.003943
576 0.003910
580 0.004166
584 0.004551
588 0.004719
592 0.004682
596 0.004456
600 0.004107
604 0.003662
608 0.003251
612 0.002885
616 0.002592
620 0.002317
624 0.002074
628 0.001889
632 0.001719
636 0.001553
640 0.001408
644 0.001273
648 0.001152
652 0.001020
656 0.000918
660 0.000809
664 0.000718
668 0.000654
672 0.000615
676 0.000551
680 0.000494
684 0.000470
688 0.000418
692 0.000360
696 0.000323
700 0.000300
704 0.000270
708 0.000233
712 0.000216
716 0.000201
720 0.000153
724 0.000138
728 0.000150
732 0.000120
736 0.000118
740 0.000107
744 0.000110
748 0.000060
752 0.000071
756 0.000102
760 0.000081
764 0.000105
768 0.000097
772 0.000032
776 0.000051
780 0.000087
