380 0.000021
384 0.000037
388 0.000028
392 0.000027
396 0.000019
400 0.000023
404 0.000024
408 0.000044
412 0.000040
416 0.000096
420 0.000196
424 0.000460
428 0.000916
432 0.001755
436 0.003211
440 0.005594
444 0.008920
448 0.011480
452 0.011600
456 0.009737
460 0.007417
464 0.005684
468 0.004443
472 0.003509
476 0.002883
480 0.002484
484 0.002138
488 0.001869
492 0.001766
496 0.001874
500 0.002169
504 0.002578
508 0.003059
512 0.003541
516 0.004028
520 0.004544
524 0.005010
528 0.005455
532 0.005844
536 0.006063
540 0.006141
544 0.006053
548 0.005915
552 0.005801
556 0.005656
560 0.005453
564 0.005132
568 0.004796
572 0.004544
576 0.004506
580 0.004801
584 0.005249
588 0.005466
592 0.005420
596 0.005158
600 0.004751
604 0.004234
608 0.003767
612 0.003334
616 0.002984
620 0.002692
624 0.002381
628 0.002175
632 0.001976
636 0.001804
640 0.001644
644 0.001477
648 0.001318
652 0.001183
656 0.001068
660 0.000927
664 0.000843
668 0.000768
672 0.000705
676 0.000640
680 0.000592
684 0.000543
688 0.000483
692 0.000444
696 0.000374
700 0.000333
704 0.000304
708 0.000275
712 0.000238
716 0.000222
720 0.000195
724 0.000180
728 0.000196
732 0.000179
736 0.000151
740 0.000108
744 0.000107
748 0.000103
752 0.000073
756 0.000102
760 0.000064
764 0.000042
768 0.000053
772 0.000023
776 0.000032
780 0.000083
