380 0.000000
384 0.000001
388 0.000000
392 0.000002
396 0.000000
400 0.000001
404 0.000002
408 0.000005
412 0.000009
416 0.000014
420 0.000029
424 0.000052
428 0.000082
432 0.000121
436 0.000171
440 0.000224
444 0.000273
448 0.000274
452 0.000234
456 0.000177
460 0.000125
464 0.000089
468 0.000066
472 0.000051
476 0.000041
480 0.000037
484 0.000034
488 0.000033
492 0.000035
496 0.000041
500 0.000050
504 0.000060
508 0.000072
512 0.000082
516 0.000091
520 0.000099
524 0.000107
528 0.000113
532 0.000119
536 0.000123
540 0.000124
544 0.000122
548 0.000120
552 0.000120
556 0.000120
560 0.000119
564 0.000117
568 0.000113
572 0.000109
576 0.000106
580 0.000106
584 0.000105
588 0.000103
592 0.000099
596 0.000096
600 0.000091
604 0.000086
608 0.000079
612 0.000073
616 0.000068
620 0.000063
624 0.000058
628 0.000054
632 0.000050
636 0.000047
640 0.000042
644 0.000039
648 0.000036
652 0.000034
656 0.000029
660 0.000027
664 0.000025
668 0.000023
672 0.000021
676 0.000019
680 0.000017
684 0.000015
688 0.000015
692 0.000013
696 0.000010
700 0.000009
704 0.000011
708 0.000008
712 0.000006
716 0.000006
720 0.000007
724 0.000005
728 0.000003
732 0.000005
736 0.000004
740 0.000003
744 0.000003
748 0.000001
752 0.000005
756 0.000003
760 0.000001
764 0.000002
768 0.000004
772 0.000003
776 0.000002
780 0.000003
