380 0.000001
384 0.000000
388 0.000000
392 0.000002
396 0.000001
400 0.000000
404 0.000000
408 0.000000
412 0.000001
416 0.000003
420 0.000011
424 0.000024
428 0.000050
432 0.000096
436 0.000176
440 0.000301
444 0.000471
448 0.000603
452 0.000612
456 0.000519
460 0.000398
464 0.000300
468 0.000224
472 0.000163
476 0.000120
480 0.000094
484 0.000076
488 0.000065
492 0.000060
496 0.000061
500 0.000070
504 0.000080
508 0.000091
512 0.000101
516 0.000108
520 0.000113
524 0.000116
528 0.000117
532 0.000115
536 0.000109
540 0.000100
544 0.000087
548 0.000076
552 0.000067
556 0.000060
560 0.000053
564 0.000048
568 0.000045
572 0.000042
576 0.000041
580 0.000042
584 0.000044
588 0.000044
592 0.000045
596 0.000045
600 0.000044
604 0.000042
608 0.000041
612 0.000038
616 0.000037
620 0.000035
624 0.000034
628 0.000032
632 0.000030
636 0.000028
640 0.000026
644 0.000024
648 0.000022
652 0.000019
656 0.000018
660 0.000016
664 0.000015
668 0.000014
672 0.000012
676 0.000012
680 0.000009
684 0.000010
688 0.000009
692 0.000007
696 0.000005
700 0.000005
704 0.000004
708 0.000004
712 0.000002
716 0.000002
720 0.000003
724 0.000002
728 0.000001
732 0.000000
736 0.000000
740 0.000002
744 0.000002
748 0.000003
752 0.000002
756 0.000002
760 0.000001
764 0.000000
768 0.000001
772 0.000005
776 0.000008
780 0.000004
