380 0.000003
384 0.000004
388 0.000000
392 0.000000
396 0.000000
400 0.000000
404 0.000000
408 0.000002
412 0.000003
416 0.000006
420 0.000015
424 0.000035
428 0.000073
432 0.000141
436 0.000260
440 0.000451
444 0.000712
448 0.000916
452 0.000934
456 0.000792
460 0.000608
464 0.000459
468 0.000343
472 0.000248
476 0.000181
480 0.000142
484 0.000114
488 0.000096
492 0.000088
496 0.000091
500 0.000101
504 0.000115
508 0.000130
512 0.000143
516 0.000154
520 0.000161
524 0.000165
528 0.000164
532 0.000161
536 0.000151
540 0.000137
544 0.000116
548 0.000100
552 0.000086
556 0.000073
560 0.000063
564 0.000056
568 0.000050
572 0.000047
576 0.000046
580 0.000045
584 0.000046
588 0.000045
592 0.000045
596 0.000044
600 0.000044
604 0.000043
608 0.000041
612 0.000040
616 0.000038
620 0.000037
624 0.000033
628 0.000031
632 0.000031
636 0.000030
640 0.000027
644 0.000024
648 0.000023
652 0.000022
656 0.000020
660 0.000017
664 0.000017
668 0.000015
672 0.000014
676 0.000012
680 0.000010
684 0.000008
688 0.000009
692 0.000007
696 0.000007
700 0.000006
704 0.000005
708 0.000004
712 0.000004
716 0.000003
720 0.000003
724 0.000002
728 0.000002
732 0.000002
736 0.000001
740 0.000004
744 0.000001
748 0.000000
752 0.000000
756 0.000001
760 0.000002
764 0.000004
768 0.000004
772 0.000006
776 0.000004
780 0.000002
