380 0.000005
384 0.000002
388 0.000001
392 0.000002
396 0.000000
400 0.000000
404 0.000001
408 0.000002
412 0.000006
416 0.000011
420 0.000024
424 0.000051
428 0.000106
432 0.000203
436 0.000376
440 0.000660
444 0.001048
448 0.001351
452 0.001381
456 0.001175
460 0.000900
464 0.000680
468 0.000509
472 0.000365
476 0.000266
480 0.000209
484 0.000167
488 0.000139
492 0.000127
496 0.000129
500 0.000144
504 0.000163
508 0.000185
512 0.000204
516 0.000218
520 0.000229
524 0.000233
528 0.000233
532 0.000225
536 0.000210
540 0.000188
544 0.000157
548 0.000132
552 0.000110
556 0.000091
560 0.000077
564 0.000064
568 0.000056
572 0.000052
576 0.000048
580 0.000046
584 0.000047
588 0.000047
592 0.000047
596 0.000046
600 0.000045
604 0.000043
608 0.000042
612 0.000040
616 0.000038
620 0.000036
624 0.000035
628 0.000033
632 0.000031
636 0.000029
640 0.000028
644 0.000027
648 0.000024
652 0.000022
656 0.000021
660 0.000020
664 0.000019
668 0.000016
672 0.000016
676 0.000014
680 0.000012
684 0.000011
688 0.000011
692 0.000009
696 0.000007
700 0.000007
704 0.000008
708 0.000008
712 0.000004
716 0.000006
720 0.000002
724 0.000004
728 0.000003
732 0.000003
736 0.000001
740 0.000003
744 0.000003
748 0.000004
752 0.000006
756 0.000003
760 0.000001
764 0.000001
768 0.000009
772 0.000010
776 0.000006
780 0.000012
