380 0.000002
384 0.000011
388 0.000003
392 0.000014
396 0.000001
400 0.000003
404 0.000003
408 0.000001
412 0.000004
416 0.000016
420 0.000068
424 0.000160
428 0.000339
432 0.000683
436 0.001274
440 0.002235
444 0.003587
448 0.004646
452 0.004760
456 0.004049
460 0.003097
464 0.002336
468 0.001741
472 0.001255
476 0.000912
480 0.000706
484 0.000563
488 0.000465
492 0.000416
496 0.000414
500 0.000466
504 0.000529
508 0.000597
512 0.000658
516 0.000695
520 0.000730
524 0.000738
528 0.000732
532 0.000696
536 0.000639
540 0.000568
544 0.000465
548 0.000364
552 0.000289
556 0.000227
560 0.000178
564 0.000134
568 0.000104
572 0.000082
576 0.000074
580 0.000070
584 0.000062
588 0.000056
592 0.000057
596 0.000055
600 0.000047
604 0.000044
608 0.000049
612 0.000049
616 0.000041
620 0.000037
624 0.000042
628 0.000034
632 0.000033
636 0.000034
640 0.000030
644 0.000033
648 0.000028
652 0.000025
656 0.000024
660 0.000022
664 0.000023
668 0.000017
672 0.000009
676 0.000009
680 0.000015
684 0.000017
688 0.000013
692 0.000016
696 0.000021
700 0.000010
704 0.000007
708 0.000003
712 0.000009
716 0.000002
720 0.000011
724 0.000003
728 0.000001
732 0.000001
736 0.000003
740 0.000010
744 0.000002
748 0.000002
752 0.000009
756 0.000020
760 0.000009
764 0.000006
768 0.000003
772 0.000005
776 0.000005
780 0.000022
