380 0.000001
384 0.000001
388 0.000002
392 0.000002
396 0.000006
400 0.000004
404 0.000001
408 0.000002
412 0.000008
416 0.000015
420 0.000037
424 0.000086
428 0.000186
432 0.000365
436 0.000683
440 0.001199
444 0.001912
448 0.002478
452 0.002538
456 0.002159
460 0.001653
464 0.001251
468 0.000933
472 0.000669
476 0.000489
480 0.000380
484 0.000302
488 0.000246
492 0.000223
496 0.000229
500 0.000254
504 0.000286
508 0.000327
512 0.000360
516 0.000384
520 0.000402
524 0.000408
528 0.000405
532 0.000391
536 0.000359
540 0.000315
544 0.000261
548 0.000213
552 0.000171
556 0.000140
560 0.000113
564 0.000091
568 0.000075
572 0.000065
576 0.000060
580 0.000055
584 0.000051
588 0.000052
592 0.000051
596 0.000047
600 0.000048
604 0.000046
608 0.000042
612 0.000040
616 0.000038
620 0.000035
624 0.000037
628 0.000036
632 0.000034
636 0.000031
640 0.000031
644 0.000028
648 0.000026
652 0.000026
656 0.000023
660 0.000021
664 0.000022
668 0.000022
672 0.000019
676 0.000015
680 0.000013
684 0.000011
688 0.000012
692 0.000011
696 0.000009
700 0.000007
704 0.000002
708 0.000005
712 0.000004
716 0.000003
720 0.000011
724 0.000004
728 0.000002
732 0.000003
736 0.000002
740 0.000003
744 0.000002
748 0.000003
752 0.000007
756 0.000015
760 0.000009
764 0.000018
768 0.000016
772 0.000010
776 0.000008
780 0.000022
