380 0.000028
384 0.000052
388 0.000053
392 0.000047
396 0.000041
400 0.000013
404 0.000017
408 0.000007
412 0.000032
416 0.000058
420 0.000157
424 0.000376
428 0.000818
432 0.001576
436 0.002950
440 0.005201
444 0.008377
448 0.010810
452 0.010940
456 0.009188
460 0.007008
464 0.005376
468 0.004204
472 0.003320
476 0.002725
480 0.002356
484 0.002016
488 0.001756
492 0.001658
496 0.001764
500 0.002042
504 0.002427
508 0.002873
512 0.003340
516 0.003792
520 0.004286
524 0.004729
528 0.005162
532 0.005539
536 0.005737
540 0.005819
544 0.005726
548 0.005604
552 0.005502
556 0.005356
560 0.005173
564 0.004861
568 0.004557
572 0.004306
576 0.004272
580 0.004562
584 0.005000
588 0.005200
592 0.005144
596 0.004898
600 0.004519
604 0.004048
608 0.003575
612 0.003166
616 0.002839
620 0.002553
624 0.002272
628 0.002058
632 0.001888
636 0.001719
640 0.001552
644 0.001407
648 0.001250
652 0.001124
656 0.001013
660 0.000892
664 0.000803
668 0.000738
672 0.000664
676 0.000602
680 0.000549
684 0.000503
688 0.000469
692 0.000411
696 0.000347
700 0.000298
704 0.000272
708 0.000253
712 0.000230
716 0.000206
720 0.000183
724 0.000178
728 0.000167
732 0.000145
736 0.000115
740 0.000106
744 0.000111
748 0.000087
752 0.000091
756 0.000056
760 0.000034
764 0.000113
768 0.000076
772 0.000009
776 0.000066
780 0.000098
