380 0.000000
384 0.000001
388 0.000000
392 0.000000
396 0.000000
400 0.000000
404 0.000000
408 0.000000
412 0.000000
416 0.000001
420 0.000002
424 0.000008
428 0.000010
432 0.000018
436 0.000027
440 0.000038
444 0.000051
448 0.000056
452 0.000051
456 0.000040
460 0.000029
464 0.000023
468 0.000018
472 0.000014
476 0.000013
480 0.000011
484 0.000010
488 0.000011
492 0.000012
496 0.000013
500 0.000015
504 0.000018
508 0.000021
512 0.000024
516 0.000025
520 0.000028
524 0.000031
528 0.000032
532 0.000033
536 0.000034
540 0.000035
544 0.000035
548 0.000035
552 0.000035
556 0.000036
560 0.000037
564 0.000036
568 0.000036
572 0.000037
576 0.000038
580 0.000039
584 0.000041
588 0.000043
592 0.000043
596 0.000043
600 0.000042
604 0.000042
608 0.000040
612 0.000038
616 0.000036
620 0.000035
624 0.000033
628 0.000032
632 0.000031
636 0.000028
640 0.000025
644 0.000024
648 0.000023
652 0.000020
656 0.000018
660 0.000017
664 0.000015
668 0.000013
672 0.000012
676 0.000011
680 0.000008
684 0.000008
688 0.000009
692 0.000006
696 0.000005
700 0.000005
704 0.000003
708 0.000002
712 0.000003
716 0.000002
720 0.000001
724 0.000002
728 0.000002
732 0.000001
736 0.000002
740 0.000000
744 0.000000
748 0.000000
752 0.000000
756 0.000002
760 0.000001
764 0.000001
768 0.000000
772 0.000001
776 0.000005
780 0.000004
