380 0.000000
384 0.000000
388 0.000000
392 0.000000
396 0.000000
400 0.000000
404 0.000001
408 0.000001
412 0.000002
416 0.000004
420 0.000003
424 0.000008
428 0.000015
432 0.000026
436 0.000042
440 0.000068
444 0.000098
448 0.000118
452 0.000113
456 0.000094
460 0.000071
464 0.000054
468 0.000041
472 0.000031
476 0.000025
480 0.000021
484 0.000018
488 0.000016
492 0.000018
496 0.000019
500 0.000021
504 0.000025
508 0.000029
512 0.000033
516 0.000035
520 0.000038
524 0.000040
528 0.000042
532 0.000043
536 0.000043
540 0.000042
544 0.000040
548 0.000039
552 0.000038
556 0.000038
560 0.000038
564 0.000037
568 0.000037
572 0.000038
576 0.000038
580 0.000039
584 0.000041
588 0.000043
592 0.000044
596 0.000044
600 0.000043
604 0.000041
608 0.000039
612 0.000038
616 0.000037
620 0.000034
624 0.000033
628 0.000031
632 0.000029
636 0.000027
640 0.000026
644 0.000025
648 0.000023
652 0.000021
656 0.000018
660 0.000016
664 0.000015
668 0.000013
672 0.000011
676 0.000012
680 0.000010
684 0.000009
688 0.000009
692 0.000007
696 0.000006
700 0.000005
704 0.000004
708 0.000004
712 0.000004
716 0.000003
720 0.000001
724 0.000002
728 0.000003
732 0.000001
736 0.000001
740 0.000004
744 0.000001
748 0.000002
752 0.000001
756 0.000000
760 0.000001
764 0.000003
768 0.000001
772 0.000000
776 0.000000
780 0.000001
