380 0.000013
384 0.000009
388 0.000002
392 0.000004
396 0.000005
400 0.000012
404 0.000011
408 0.000021
412 0.000039
416 0.000071
420 0.000140
424 0.000295
428 0.000631
432 0.001242
436 0.002327
440 0.004099
444 0.006572
448 0.008529
452 0.008743
456 0.007434
460 0.005692
464 0.004298
468 0.003205
472 0.002290
476 0.001659
480 0.001282
484 0.001005
488 0.000827
492 0.000753
496 0.000754
500 0.000838
504 0.000950
508 0.001075
512 0.001182
516 0.001255
520 0.001303
524 0.001318
528 0.001301
532 0.001243
536 0.001130
540 0.000986
544 0.000794
548 0.000629
552 0.000489
556 0.000373
560 0.000282
564 0.000221
568 0.000159
572 0.000125
576 0.000103
580 0.000091
584 0.000079
588 0.000071
592 0.000068
596 0.000068
600 0.000057
604 0.000054
608 0.000059
612 0.000051
616 0.000046
620 0.000044
624 0.000039
628 0.000041
632 0.000040
636 0.000033
640 0.000030
644 0.000050
648 0.000040
652 0.000035
656 0.000045
660 0.000026
664 0.000023
668 0.000027
672 0.000012
676 0.000008
680 0.000023
684 0.000011
688 0.000005
692 0.000008
696 0.000016
700 0.000004
704 0.000018
708 0.000026
712 0.000013
716 0.000012
720 0.000002
724 0.000007
728 0.000007
732 0.000011
736 0.000003
740 0.000004
744 0.000007
748 0.000010
752 0.000007
756 0.000026
760 0.000030
764 0.000004
768 0.000047
772 0.000013
776 0.000055
780 0.000026
