380 0.000000
384 0.000000
388 0.000001
392 0.000001
396 0.000000
400 0.000000
404 0.000000
408 0.000000
412 0.000000
416 0.000003
420 0.000005
424 0.000012
428 0.000024
432 0.000040
436 0.000069
440 0.000114
444 0.000172
448 0.000212
452 0.000211
456 0.000178
460 0.000135
464 0.000102
468 0.000077
472 0.000057
476 0.000043
480 0.000035
484 0.000029
488 0.000026
492 0.000026
496 0.000027
500 0.000031
504 0.000035
508 0.000041
512 0.000045
516 0.000049
520 0.000052
524 0.000055
528 0.000056
532 0.000057
536 0.000056
540 0.000054
544 0.000050
548 0.000047
552 0.000045
556 0.000042
560 0.000041
564 0.000039
568 0.000039
572 0.000039
576 0.000040
580 0.000041
584 0.000041
588 0.000042
592 0.000043
596 0.000044
600 0.000044
604 0.000043
608 0.000041
612 0.000038
616 0.000037
620 0.000034
624 0.000032
628 0.000032
632 0.000030
636 0.000028
640 0.000026
644 0.000023
648 0.000022
652 0.000020
656 0.000018
660 0.000016
664 0.000015
668 0.000013
672 0.000011
676 0.000011
680 0.000009
684 0.000007
688 0.000008
692 0.000007
696 0.000005
700 0.000004
704 0.000003
708 0.000005
712 0.000005
716 0.000003
720 0.000001
724 0.000000
728 0.000000
732 0.000001
736 0.000001
740 0.000000
744 0.000000
748 0.000001
752 0.000000
756 0.000003
760 0.000004
764 0.000004
768 0.000005
772 0.000007
776 0.000004
780 0.000008
