380 0.000001
384 0.000000
388 0.000001
392 0.000001
396 0.000001
400 0.000001
404 0.000000
408 0.000002
412 0.000003
416 0.000006
420 0.000011
424 0.000019
428 0.000030
432 0.000046
436 0.000071
440 0.000108
444 0.000153
448 0.000190
452 0.000210
456 0.000225
460 0.000248
464 0.000284
468 0.000310
472 0.000305
476 0.000262
480 0.000215
484 0.000172
488 0.000138
492 0.000118
496 0.000109
500 0.000113
504 0.000123
508 0.000135
512 0.000145
516 0.000151
520 0.000153
524 0.000152
528 0.000151
532 0.000149
536 0.000143
540 0.000137
544 0.000130
548 0.000126
552 0.000123
556 0.000122
560 0.000119
564 0.000118
568 0.000116
572 0.000115
576 0.000118
580 0.000124
584 0.000134
588 0.000143
592 0.000150
596 0.000152
600 0.000145
604 0.000131
608 0.000120
612 0.000110
616 0.000103
620 0.000096
624 0.000091
628 0.000086
632 0.000081
636 0.000076
640 0.000071
644 0.000065
648 0.000061
652 0.000055
656 0.000050
660 0.000045
664 0.000040
668 0.000038
672 0.000034
676 0.000031
680 0.000028
684 0.000024
688 0.000022
692 0.000018
696 0.000018
700 0.000015
704 0.000013
708 0.000011
712 0.000010
716 0.000010
720 0.000008
724 0.000005
728 0.000005
732 0.000006
736 0.000006
740 0.000009
744 0.000006
748 0.000005
752 0.000004
756 0.000003
760 0.000003
764 0.000001
768 0.000001
772 0.000003
776 0.000008
780 0.000007
