380 0.000003
384 0.000003
388 0.000003
392 0.000004
396 0.000007
400 0.000007
404 0.000005
408 0.000003
412 0.000007
416 0.000014
420 0.000031
424 0.000065
428 0.000133
432 0.000248
436 0.000452
440 0.000787
444 0.001249
448 0.001614
452 0.001660
456 0.001449
460 0.001187
464 0.001005
468 0.000876
472 0.000756
476 0.000635
480 0.000538
484 0.000449
488 0.000381
492 0.000346
496 0.000350
500 0.000393
504 0.000455
508 0.000530
512 0.000605
516 0.000676
520 0.000750
524 0.000810
528 0.000870
532 0.000923
536 0.000949
540 0.000956
544 0.000939
548 0.000915
552 0.000899
556 0.000878
560 0.000851
564 0.000806
568 0.000760
572 0.000726
576 0.000721
580 0.000760
584 0.000825
588 0.000860
592 0.000858
596 0.000824
600 0.000764
604 0.000682
608 0.000607
612 0.000541
616 0.000488
620 0.000440
624 0.000397
628 0.000363
632 0.000334
636 0.000306
640 0.000280
644 0.000254
648 0.000228
652 0.000204
656 0.000186
660 0.000162
664 0.000147
668 0.000135
672 0.000124
676 0.000110
680 0.000101
684 0.000094
688 0.000086
692 0.000078
696 0.000067
700 0.000058
704 0.000050
708 0.000046
712 0.000039
716 0.000037
720 0.000031
724 0.000028
728 0.000026
732 0.000026
736 0.000017
740 0.000025
744 0.000014
748 0.000011
752 0.000015
756 0.000012
760 0.000010
764 0.000012
768 0.000009
772 0.000009
776 0.000008
780 0.000008
