380 0.000023
384 0.000022
388 0.000019
392 0.000009
396 0.000026
400 0.000018
404 0.000015
408 0.000028
412 0.000030
416 0.000059
420 0.000145
424 0.000304
428 0.000628
432 0.001202
436 0.002256
440 0.003968
444 0.006394
448 0.008285
452 0.008459
456 0.007194
460 0.005564
464 0.004365
468 0.003502
472 0.002834
476 0.002347
480 0.002017
484 0.001719
488 0.001480
492 0.001388
496 0.001437
500 0.001668
504 0.001976
508 0.002317
512 0.002668
516 0.003017
520 0.003407
524 0.003740
528 0.004067
532 0.004342
536 0.004496
540 0.004559
544 0.004482
548 0.004394
552 0.004311
556 0.004190
560 0.004046
564 0.003810
568 0.003566
572 0.003387
576 0.003375
580 0.003590
584 0.003936
588 0.004114
592 0.004083
596 0.003907
600 0.003594
604 0.003220
608 0.002871
612 0.002540
616 0.002281
620 0.002044
624 0.001827
628 0.001669
632 0.001521
636 0.001371
640 0.001251
644 0.001136
648 0.001021
652 0.000919
656 0.000832
660 0.000732
664 0.000653
668 0.000587
672 0.000550
676 0.000493
680 0.000441
684 0.000402
688 0.000380
692 0.000327
696 0.000294
700 0.000256
704 0.000236
708 0.000210
712 0.000188
716 0.000152
720 0.000148
724 0.000129
728 0.000107
732 0.000094
736 0.000080
740 0.000096
744 0.000104
748 0.000083
752 0.000052
756 0.000039
760 0.000048
764 0.000057
768 0.000037
772 0.000016
776 0.000067
780 0.000069
