380 0.000005
384 0.000003
388 0.000043
392 0.000024
396 0.000013
400 0.000034
404 0.000031
408 0.000037
412 0.000044
416 0.000046
420 0.000141
424 0.000350
428 0.000717
432 0.001392
436 0.002602
440 0.004586
444 0.007387
448 0.009578
452 0.009767
456 0.008287
460 0.006405
464 0.005003
468 0.004012
472 0.003251
476 0.002675
480 0.002303
484 0.001975
488 0.001714
492 0.001595
496 0.001669
500 0.001931
504 0.002278
508 0.002674
512 0.003092
516 0.003501
520 0.003936
524 0.004330
528 0.004713
532 0.005044
536 0.005222
540 0.005285
544 0.005206
548 0.005087
552 0.004993
556 0.004860
560 0.004702
564 0.004424
568 0.004136
572 0.003926
576 0.003898
580 0.004147
584 0.004539
588 0.004739
592 0.004702
596 0.004491
600 0.004144
604 0.003694
608 0.003291
612 0.002917
616 0.002613
620 0.002336
624 0.002089
628 0.001906
632 0.001743
636 0.001584
640 0.001435
644 0.001309
648 0.001173
652 0.001043
656 0.000922
660 0.000821
664 0.000736
668 0.000675
672 0.000631
676 0.000560
680 0.000501
684 0.000470
688 0.000428
692 0.000377
696 0.000332
700 0.000300
704 0.000262
708 0.000220
712 0.000205
716 0.000186
720 0.000165
724 0.000169
728 0.000159
732 0.000142
736 0.000135
740 0.000119
744 0.000105
748 0.000113
752 0.000089
756 0.000050
760 0.000067
764 0.000086
768 0.000106
772 0.000068
776 0.000080
780 0.000083
