380 0.000017
384 0.000014
388 0.000018
392 0.000001
396 0.000004
400 0.000012
404 0.000008
408 0.000008
412 0.000016
416 0.000038
420 0.000071
424 0.000133
428 0.000276
432 0.000537
436 0.000996
440 0.001738
444 0.002784
448 0.003602
452 0.003692
456 0.003163
460 0.002495
464 0.002012
468 0.001669
472 0.001383
476 0.001154
480 0.000984
484 0.000837
488 0.000711
492 0.000659
496 0.000677
500 0.000779
504 0.000909
508 0.001064
512 0.001229
516 0.001387
520 0.001555
524 0.001706
528 0.001842
532 0.001962
536 0.002030
540 0.002052
544 0.002015
548 0.001972
552 0.001939
556 0.001891
560 0.001831
564 0.001723
568 0.001616
572 0.001538
576 0.001526
580 0.001617
584 0.001756
588 0.001834
592 0.001827
596 0.001745
600 0.001609
604 0.001439
608 0.001274
612 0.001135
616 0.001016
620 0.000914
624 0.000822
628 0.000753
632 0.000686
636 0.000625
640 0.000570
644 0.000515
648 0.000458
652 0.000413
656 0.000375
660 0.000331
664 0.000298
668 0.000273
672 0.000247
676 0.000228
680 0.000211
684 0.000182
688 0.000168
692 0.000154
696 0.000134
700 0.000121
704 0.000106
708 0.000101
712 0.000094
716 0.000070
720 0.000060
724 0.000053
728 0.000050
732 0.000055
736 0.000055
740 0.000065
744 0.000035
748 0.000042
752 0.000040
756 0.000023
760 0.000009
764 0.000013
768 0.000006
772 0.000025
776 0.000039
780 0.000037
