380 0.000012
384 0.000004
388 0.000001
392 0.000008
396 0.000006
400 0.000004
404 0.000002
408 0.000004
412 0.000009
416 0.000020
420 0.000044
424 0.000088
428 0.000177
432 0.000334
436 0.000610
440 0.001057
444 0.001690
448 0.002183
452 0.002242
456 0.001942
460 0.001564
464 0.001296
468 0.001104
472 0.000938
476 0.000786
480 0.000670
484 0.000563
488 0.000477
492 0.000437
496 0.000445
500 0.000505
504 0.000589
508 0.000688
512 0.000790
516 0.000886
520 0.000987
524 0.001073
528 0.001157
532 0.001230
536 0.001266
540 0.001278
544 0.001257
548 0.001229
552 0.001208
556 0.001179
560 0.001141
564 0.001080
568 0.001017
572 0.000967
576 0.000960
580 0.001015
584 0.001101
588 0.001147
592 0.001141
596 0.001096
600 0.001013
604 0.000905
608 0.000802
612 0.000714
616 0.000646
620 0.000580
624 0.000522
628 0.000478
632 0.000440
636 0.000400
640 0.000366
644 0.000331
648 0.000299
652 0.000267
656 0.000240
660 0.000210
664 0.000191
668 0.000174
672 0.000160
676 0.000145
680 0.000132
684 0.000123
688 0.000113
692 0.000098
696 0.000086
700 0.000077
704 0.000071
708 0.000062
712 0.000055
716 0.000048
720 0.000044
724 0.000043
728 0.000035
732 0.000031
736 0.000030
740 0.000022
744 0.000010
748 0.000011
752 0.000015
756 0.000012
760 0.000021
764 0.000032
768 0.000019
772 0.000008
776 0.000018
780 0.000021
