380 0.000000
384 0.000000
388 0.000000
392 0.000000
396 0.000000
400 0.000001
404 0.000002
408 0.000001
412 0.000001
416 0.000006
420 0.000010
424 0.000017
428 0.000025
432 0.000038
436 0.000055
440 0.000081
444 0.000110
448 0.000134
452 0.000151
456 0.000176
460 0.000212
464 0.000256
468 0.000288
472 0.000286
476 0.000247
480 0.000202
484 0.000160
488 0.000129
492 0.000109
496 0.000098
500 0.000100
504 0.000108
508 0.000118
512 0.000126
516 0.000130
520 0.000131
524 0.000127
528 0.000123
532 0.000118
536 0.000111
540 0.000105
544 0.000098
548 0.000093
552 0.000091
556 0.000090
560 0.000091
564 0.000090
568 0.000090
572 0.000091
576 0.000094
580 0.000098
584 0.000105
588 0.000113
592 0.000121
596 0.000124
600 0.000119
604 0.000109
608 0.000100
612 0.000093
616 0.000088
620 0.000083
624 0.000079
628 0.000075
632 0.000070
636 0.000067
640 0.000063
644 0.000058
648 0.000053
652 0.000049
656 0.000044
660 0.000038
664 0.000035
668 0.000033
672 0.000030
676 0.000028
680 0.000025
684 0.000024
688 0.000020
692 0.000015
696 0.000014
700 0.000013
704 0.000012
708 0.000008
712 0.000008
716 0.000008
720 0.000007
724 0.000003
728 0.000007
732 0.000006
736 0.000004
740 0.000002
744 0.000001
748 0.000003
752 0.000002
756 0.000004
760 0.000007
764 0.000004
768 0.000001
772 0.000003
776 0.000005
780 0.000005
