380 0.000021
384 0.000034
388 0.000004
392 0.000002
396 0.000011
400 0.000021
404 0.000012
408 0.000012
412 0.000030
416 0.000050
420 0.000117
424 0.000253
428 0.000538
432 0.001048
436 0.001961
440 0.003465
444 0.005581
448 0.007247
452 0.007400
456 0.006290
460 0.004886
464 0.003843
468 0.003101
472 0.002518
476 0.002073
480 0.001780
484 0.001520
488 0.001310
492 0.001226
496 0.001275
500 0.001459
504 0.001725
508 0.002034
512 0.002347
516 0.002650
520 0.002979
524 0.003270
528 0.003555
532 0.003797
536 0.003926
540 0.003962
544 0.003905
548 0.003815
552 0.003747
556 0.003650
560 0.003518
564 0.003316
568 0.003104
572 0.002944
576 0.002928
580 0.003123
584 0.003425
588 0.003583
592 0.003572
596 0.003411
600 0.003139
604 0.002809
608 0.002496
612 0.002217
616 0.001996
620 0.001789
624 0.001593
628 0.001458
632 0.001326
636 0.001202
640 0.001099
644 0.000990
648 0.000901
652 0.000804
656 0.000714
660 0.000631
664 0.000560
668 0.000508
672 0.000472
676 0.000435
680 0.000396
684 0.000356
688 0.000323
692 0.000289
696 0.000256
700 0.000242
704 0.000202
708 0.000174
712 0.000160
716 0.000142
720 0.000127
724 0.000115
728 0.000111
732 0.000098
736 0.000086
740 0.000071
744 0.000079
748 0.000045
752 0.000051
756 0.000050
760 0.000042
764 0.000024
768 0.000010
772 0.000046
776 0.000037
780 0.000028
