380 0.000006
384 0.000001
388 0.000001
392 0.000001
396 0.000002
400 0.000002
404 0.000001
408 0.000003
412 0.000005
416 0.000010
420 0.000020
424 0.000040
428 0.000072
432 0.000126
436 0.000221
440 0.000374
444 0.000585
448 0.000753
452 0.000783
456 0.000709
460 0.000619
464 0.000570
468 0.000534
472 0.000484
476 0.000409
480 0.000343
484 0.000282
488 0.000235
492 0.000209
496 0.000206
500 0.000225
504 0.000257
508 0.000294
512 0.000330
516 0.000362
520 0.000392
524 0.000418
528 0.000441
532 0.000460
536 0.000467
540 0.000468
544 0.000456
548 0.000445
552 0.000438
556 0.000428
560 0.000416
564 0.000397
568 0.000377
572 0.000363
576 0.000361
580 0.000380
584 0.000409
588 0.000428
592 0.000431
596 0.000419
600 0.000390
604 0.000348
608 0.000311
612 0.000279
616 0.000255
620 0.000232
624 0.000211
628 0.000195
632 0.000181
636 0.000167
640 0.000154
644 0.000140
648 0.000127
652 0.000115
656 0.000103
660 0.000091
664 0.000081
668 0.000075
672 0.000069
676 0.000062
680 0.000057
684 0.000053
688 0.000047
692 0.000043
696 0.000036
700 0.000033
704 0.000030
708 0.000025
712 0.000021
716 0.000019
720 0.000017
724 0.000016
728 0.000018
732 0.000017
736 0.000012
740 0.000010
744 0.000008
748 0.000005
752 0.000006
756 0.000007
760 0.000006
764 0.000006
768 0.000013
772 0.000010
776 0.000014
780 0.000007
