380 0.000026
384 0.000029
388 0.000016
392 0.000013
396 0.000012
400 0.000020
404 0.000018
408 0.000018
412 0.000035
416 0.000046
420 0.000107
424 0.000230
428 0.000482
432 0.000921
436 0.001706
440 0.002982
444 0.004790
448 0.006235
452 0.006373
456 0.005426
460 0.004222
464 0.003339
468 0.002712
472 0.002211
476 0.001825
480 0.001566
484 0.001330
488 0.001146
492 0.001062
496 0.001111
500 0.001273
504 0.001501
508 0.001769
512 0.002043
516 0.002313
520 0.002603
524 0.002848
528 0.003091
532 0.003300
536 0.003415
540 0.003461
544 0.003400
548 0.003330
552 0.003272
556 0.003184
560 0.003079
564 0.002897
568 0.002713
572 0.002571
576 0.002560
580 0.002731
584 0.002981
588 0.003113
592 0.003101
596 0.002968
600 0.002744
604 0.002443
608 0.002171
612 0.001930
616 0.001731
620 0.001551
624 0.001382
628 0.001273
632 0.001158
636 0.001048
640 0.000954
644 0.000864
648 0.000780
652 0.000699
656 0.000620
660 0.000560
664 0.000500
668 0.000454
672 0.000420
676 0.000369
680 0.000331
684 0.000306
688 0.000281
692 0.000256
696 0.000230
700 0.000212
704 0.000190
708 0.000167
712 0.000144
716 0.000126
720 0.000106
724 0.000104
728 0.000093
732 0.000074
736 0.000064
740 0.000032
744 0.000072
748 0.000070
752 0.000071
756 0.000050
760 0.000025
764 0.000039
768 0.000031
772 0.000041
776 0.000040
780 0.000069
